osu file format v14

[General]
AudioFilename: audio.mp3
AudioLeadIn: 0
PreviewTime: 42178
Countdown: 0
SampleSet: Soft
StackLeniency: 0.7
Mode: 0
LetterboxInBreaks: 0
WidescreenStoryboard: 0

[Editor]
DistanceSpacing: 1.1
BeatDivisor: 4
GridSize: 8
TimelineZoom: 4.195998

[Metadata]
Title:Messages From The Stars (Sped up & Cut Ver.)
TitleUnicode:Messages From The Stars (Sped up & Cut Ver.)
Artist:The RAH Band
ArtistUnicode:The RAH Band
Creator:rpoj
Version:Another Galaxy
Source:
Tags:tiktok short nightcore version alt alternative indie pop soul r&b jazz funk synthpop electronic 70s message when you're making love to me
BeatmapID:3565215
BeatmapSetID:1743864

[Difficulty]
HPDrainRate:5
CircleSize:3.8
OverallDifficulty:8.5
ApproachRate:9.2
SliderMultiplier:1.82
SliderTickRate:1

[Events]
//Background and Video events
0,0,"mikuuuu.jpg",0,0
//Break Periods
//Storyboard Layer 0 (Background)
//Storyboard Layer 1 (Fail)
//Storyboard Layer 2 (Pass)
//Storyboard Layer 3 (Foreground)
//Storyboard Layer 4 (Overlay)
//Storyboard Sound Samples

[TimingPoints]
1667,472.44094488189,4,2,1,70,1,0
1667,-133.333333333333,4,2,1,70,0,0
7357,476.190476190476,4,2,1,70,1,0
7357,-133.333333333333,4,2,1,70,0,0
9261,-117.647058823529,4,2,1,70,0,0
27356,-83.3333333333333,4,2,1,70,0,0
28309,-100,4,2,1,70,0,0
29261,-125,4,2,1,70,0,0
30095,-116.279069767442,4,2,1,70,0,0
30232,476.190476190476,4,2,1,70,1,0
30708,-83.3333333333333,4,2,1,70,0,0
30946,-71.4285714285714,4,2,1,70,0,0
32612,-100,4,2,1,70,0,0
33089,-125,4,2,1,70,0,0
33922,-117.647058823529,4,2,1,70,0,0
34061,476.190476190476,4,2,1,70,1,0
34537,-83.3333333333333,4,2,1,70,0,0
34775,-71.4285714285714,4,2,1,70,0,0
35965,-100,4,2,1,70,0,0
36918,-125,4,2,1,70,0,0
37751,-100,4,2,1,70,0,0
38346,-83.3333333333333,4,2,1,70,0,0
38584,-71.4285714285714,4,2,1,70,0,0
39798,476.190476190476,4,2,1,70,1,0
39917,-71.4285714285714,4,2,1,70,0,0
40274,-100,4,2,1,70,0,0
40750,-125,4,2,1,70,0,0
41583,-100,4,2,1,70,0,0
43607,477.137176938369,4,2,1,70,1,0
43607,-71.4285714285714,4,2,1,70,0,0
44084,-83.3333333333333,4,2,1,70,0,0
45515,-76.9230769230769,4,2,1,70,0,0
47543,-83.3333333333333,4,2,1,70,0,0
47901,-100,4,2,1,70,0,0
49332,-83.3333333333333,4,2,1,70,0,0
51241,-71.4285714285714,4,2,1,70,0,0
51718,-83.3333333333333,4,2,1,70,0,0
54104,-76.9230769230769,4,2,1,70,0,0
55177,-62.5,4,2,1,70,0,0
56012,-100,4,2,1,70,0,0
56847,-83.3333333333333,4,2,1,70,0,0
58875,-100,4,2,1,70,0,0
60664,-83.3333333333333,4,2,1,70,0,0
61261,-71.4285714285714,4,2,1,70,0,0
62811,-83.3333333333333,4,2,1,70,0,0
63169,-100,4,2,1,70,0,0
64481,-83.3333333333333,4,2,1,70,0,0
65078,-71.4285714285714,4,2,1,70,0,0
66527,478.08764940239,4,2,1,70,1,0
68319,-83.3333333333333,4,2,1,70,0,0
68917,-71.4285714285714,4,2,1,70,0,0
70471,-83.3333333333333,4,2,1,70,0,0
70829,-100,4,2,1,70,0,0
72144,-83.3333333333333,4,2,1,70,0,0
72742,-71.4285714285714,4,2,1,70,0,0
74176,-100,4,2,1,70,0,1
75969,-83.3333333333333,4,2,1,70,0,1
76566,-71.4285714285714,4,2,1,70,0,1
77283,-125,4,2,1,70,0,1
78001,-166.666666666667,4,2,1,70,0,1
78479,-71.4285714285714,4,2,1,70,0,1
78957,-125,4,2,1,70,0,1
79793,-83.3333333333333,4,2,1,70,0,1
80630,-100,4,2,1,70,0,1
83618,-83.3333333333333,4,2,1,70,0,1
84216,-71.4285714285714,4,2,1,70,0,1
87562,-125,4,2,1,70,0,0
90909,-83.3333333333333,4,2,1,70,0,0
91387,-71.4285714285714,4,2,1,70,0,0
91865,-83.3333333333333,4,2,1,70,0,0
93299,-76.9230769230769,4,2,1,70,0,0
95331,-83.3333333333333,4,2,1,70,0,0
95690,-100,4,2,1,70,0,0
97124,-83.3333333333333,4,2,1,70,0,0
99036,-71.4285714285714,4,2,1,70,0,0
99515,-83.3333333333333,4,2,1,70,0,0
101905,-76.9230769230769,4,2,1,70,0,0
103100,-100,4,2,1,70,0,0
104654,-83.3333333333333,4,2,1,70,0,0


[Colours]
Combo1 : 255,170,255
Combo2 : 182,234,243
Combo3 : 255,255,128

[HitObjects]
40,95,1667,6,0,P|126:78|202:62,1,136.5,0|8,1:0|2:0,2:0:0:0:
239,29,2611,2,0,P|239:114|183:148,1,136.5,0|8,1:0|2:0,2:0:0:0:
92,272,3556,6,0,P|165:229|223:260,1,136.5,0|8,1:0|2:0,2:0:0:0:
247,312,4501,1,0,1:0:0:0:
344,182,4737,5,8,2:0:0:0:
276,143,4974,1,8,2:0:0:0:
413,308,5210,5,8,2:0:0:0:
424,298,5328,1,8,2:0:0:0:
433,289,5446,2,0,P|441:214|453:136,1,136.5,0|8,1:2|2:0,2:0:0:0:
504,87,6391,2,0,P|487:134|382:149,1,136.5,0|8,1:0|2:0,2:0:0:0:
280,63,7357,6,0,B|203:45|227:96|139:84,1,136.5,0|8,1:0|2:0,2:0:0:0:
8,23,8309,2,0,P|25:96|38:174,1,136.5,0|8,1:0|2:0,2:0:0:0:
64,324,9023,5,8,2:0:0:0:
49,314,9142,1,8,2:0:0:0:
34,305,9261,2,0,P|94:257|174:281,1,154.700000000001,2|8,1:2|2:0,2:0:0:0:
235,378,10214,2,0,P|250:301|270:213,1,154.700000000001,2|8,1:2|2:0,2:0:0:0:
239,106,11166,6,0,B|326:79|294:151|404:127,1,154.700000000001,2|8,1:2|2:0,2:0:0:0:
502,67,12118,1,2,1:2:0:0:
327,254,12356,5,8,2:0:0:0:
409,289,12595,1,8,2:0:0:0:
239,106,12833,5,8,2:0:0:0:
223,111,12952,1,8,2:0:0:0:
204,120,13071,2,0,P|183:114|142:106,3,38.6750000000001,10|8|8|8,1:3|2:3|2:3|2:3,2:0:0:0:
94,151,13547,2,0,P|139:216|125:285,1,116.025,8|0,2:0|2:0,2:0:0:0:
64,336,14023,2,0,B|146:307|126:376|230:350,1,154.700000000001,2|8,1:2|2:0,2:0:0:0:
371,371,14976,6,0,P|393:312|339:235,1,154.700000000001,2|8,1:2|2:0,2:0:0:0:
214,80,15928,2,0,P|230:155|242:232,1,154.700000000001,2|8,1:2|2:0,2:0:0:0:
381,88,16642,5,8,2:0:0:0:
368,83,16761,1,8,2:0:0:0:
356,78,16880,2,0,P|362:104|370:145,3,38.6750000000001,10|8|8|8,1:3|2:3|2:3|2:3,2:0:0:0:
284,49,17356,2,0,P|216:93|166:86,1,116.025,8|0,2:0|2:0,2:0:0:0:
118,49,17833,2,0,P|64:143|80:194,1,154.700000000001,2|8,1:2|2:0,2:0:0:0:
201,368,18785,6,0,P|211:289|228:197,1,154.700000000001,2|8,1:2|2:0,2:0:0:0:
322,86,19737,1,2,1:2:0:0:
382,334,19976,5,8,2:0:0:0:
431,253,20214,1,8,2:0:0:0:
239,325,20452,5,8,2:0:0:0:
257,318,20571,1,8,2:0:0:0:
275,311,20690,2,0,P|280:283|290:248,3,38.6750000000001,10|8|8|8,1:3|2:3|2:3|2:3,2:0:0:0:
224,223,21166,1,8,2:0:0:0:
224,223,21285,2,0,P|205:243|139:242,1,77.3500000000003,4|0,2:3|2:0,2:0:0:0:
88,295,21642,2,0,P|77:222|57:125,1,154.700000000001,2|8,1:2|2:0,2:0:0:0:
158,34,22595,6,0,B|238:7|221:72|312:43,1,154.700000000001,2|8,1:2|2:0,2:0:0:0:
377,22,23190,1,8,2:3:0:0:
386,38,23309,1,8,2:3:0:0:
384,57,23428,1,8,2:3:0:0:
374,73,23547,1,4,1:3:0:0:
464,211,24023,6,0,P|440:205|411:196,1,38.6750000000001,10|8,2:0|2:3,2:0:0:0:
359,238,24261,2,0,P|335:244|306:253,1,38.6750000000001,8|8,2:3|2:3,2:0:0:0:
254,209,24499,2,0,P|182:191|71:171,1,154.700000000001,4|8,1:3|2:0,2:0:0:0:
33,199,25095,1,4,2:3:0:0:
24,183,25214,1,4,2:3:0:0:
26,164,25333,1,4,2:3:0:0:
36,148,25452,2,0,P|51:103|45:81,1,38.6750000000001,4|4,1:3|2:3,2:0:0:0:
14,45,25690,2,0,P|-1:0|5:-22,1,38.6750000000001,4|4,2:3|2:3,2:0:0:0:
204,26,25928,6,0,P|197:51|189:99,1,38.6750000000001,8|8,2:0|2:3,2:0:0:0:
151,132,26166,1,8,2:3:0:0:
154,143,26285,1,8,2:3:0:0:
157,155,26404,2,0,P|163:180|172:228,1,38.6750000000001,4|8,1:3|2:3,2:0:0:0:
255,199,26642,2,0,P|248:224|240:272,1,38.6750000000001,8|8,2:3|2:3,2:0:0:0:
170,333,26880,5,8,2:0:0:0:
184,320,26999,1,8,2:3:0:0:
201,311,27118,1,8,2:3:0:0:
220,308,27237,1,8,2:3:0:0:
239,310,27356,2,0,P|282:326|321:312,1,54.6,4|4,1:3|2:3,2:0:0:0:
367,192,27595,2,0,P|331:221|324:262,1,54.6,8|8,2:3|2:3,2:0:0:0:
395,373,27833,1,8,2:0:0:0:
401,367,27952,1,8,2:0:0:0:
405,361,28071,2,0,P|397:315|365:288,1,54.6,8|8,2:0|2:0,2:0:0:0:
291,139,28309,6,0,P|225:191|153:172,1,136.5,6|0,1:2|2:0,2:0:0:0:
93,142,28785,2,0,P|111:228|118:308,1,136.5,10|0,3:2|2:0,2:0:0:0:
76,357,29261,2,0,B|155:329|137:386|235:358,1,145.6,2|8,1:2|3:2,2:0:0:0:
337,244,30095,6,0,L|326:307,1,45.171308,2|0,2:0|1:2,2:0:0:0:
407,192,30351,1,2,2:0:0:0:
407,204,30470,2,0,L|418:267,1,45.5,2|0,2:0|2:0,2:0:0:0:
326,146,30708,6,0,P|275:173|242:171,1,54.6,10|0,3:2|2:0,2:0:0:0:
219,55,30946,2,0,P|267:85|282:115,1,63.7,2|0,2:0|2:0,2:0:0:0:
203,210,31184,1,2,1:2:0:0:
198,202,31303,2,0,P|200:144|218:116,1,63.7,8|2,3:2|2:0,2:0:0:0:
386,0,31660,5,10,3:2:0:0:
450,189,31898,1,8,2:0:0:0:
464,182,32017,1,8,2:0:0:0:
477,175,32136,1,2,1:2:0:0:
460,169,32255,6,0,P|398:154|315:138,1,127.4,2|0,2:0|2:0,2:0:0:0:
238,173,32612,2,0,P|294:226|279:300,1,136.5,10|0,3:2|2:0,2:0:0:0:
245,349,33089,2,0,B|166:325|186:380|100:364,1,145.6,2|8,1:2|3:2,2:0:0:0:
193,180,33922,6,0,L|256:169,1,45.17513,2|0,2:0|1:2,2:0:0:0:
141,250,34180,1,2,2:0:0:0:
153,250,34299,2,0,L|216:261,1,45.5,2|0,2:0|2:0,2:0:0:0:
355,134,34537,6,0,P|328:185|330:218,1,54.6,10|0,3:2|2:0,2:0:0:0:
446,241,34775,2,0,P|415:192|385:177,1,63.7,2|0,2:0|2:0,2:0:0:0:
291,257,35013,1,2,1:2:0:0:
299,262,35132,2,0,P|356:259|384:241,1,63.7,0|10,3:2|2:0,2:0:0:0:
512,147,35489,5,8,3:2:0:0:
323,28,35727,1,8,2:0:0:0:
329,43,35846,1,8,2:0:0:0:
336,58,35965,6,0,B|254:34|284:91|189:69,1,136.5,2|0,1:2|2:0,2:0:0:0:
138,42,36441,2,0,P|112:84|149:172,1,136.5,10|0,3:2|2:0,2:0:0:0:
188,220,36918,2,0,P|260:204|341:192,1,145.6,2|8,1:2|3:2,2:0:0:0:
164,359,37751,6,0,L|110:344,1,45.5,2|0,2:0|1:2,2:0:0:0:
49,278,37989,1,2,2:0:0:0:
55,285,38108,2,0,L|109:270,1,45.5,2|0,2:0|2:0,2:0:0:0:
218,157,38346,6,0,P|199:206|170:220,1,54.6,10|0,3:2|2:0,2:0:0:0:
56,196,38584,6,0,P|107:187|134:206,1,63.7,2|0,2:0|2:0,2:0:0:0:
97,65,38822,6,0,P|139:96|145:127,1,63.7,2|8,1:2|3:2,2:0:0:0:
230,17,39061,6,0,P|224:69|199:90,1,63.7,2|0,2:1|2:0,2:0:0:0:
362,109,39299,6,0,P|327:118|284:132,1,63.7,10|0,3:2|2:0,2:0:0:0:
426,311,39537,1,8,2:0:0:0:
430,299,39656,1,8,2:0:0:0:
433,289,39798,1,0,1:2:0:0:
410,269,39917,6,0,P|352:280|282:293,1,127.4,2|0,2:0|2:0,2:0:0:0:
234,353,40274,2,0,P|195:298|224:220,1,136.5,10|0,3:2|2:0,2:0:0:0:
282,192,40750,2,0,B|197:209|239:151|125:164,1,145.6,2|8,1:2|3:2,2:0:0:0:
357,13,41583,6,0,L|344:91,1,45.5,2|0,2:0|1:2,2:0:0:0:
279,110,41821,1,2,2:0:0:0:
275,101,41940,2,0,L|262:23,1,45.5,2|0,2:0|2:0,2:0:0:0:
384,156,42178,5,10,3:2:0:0:
388,178,42298,1,8,2:3:0:0:
392,200,42417,1,8,2:3:0:0:
396,223,42536,1,8,2:3:0:0:
400,245,42655,2,0,L|417:324,1,45.5,4|8,2:3|2:3,2:0:0:0:
427,368,42893,1,8,2:0:0:0:
287,227,43131,5,10,2:0:0:0:
158,352,43369,1,8,2:0:0:0:
150,342,43488,1,8,2:0:0:0:
137,340,43607,6,0,P|132:304|108:228,1,63.7,2|2,1:2|2:0,2:0:0:0:
79,214,43845,1,2,2:0:0:0:
278,67,44084,6,0,P|221:114|170:100,1,109.2,10|2,3:2|2:0,2:0:0:0:
127,67,44441,2,0,P|122:38|112:-4,1,54.6,2|0,1:2|1:2,1:2:0:0:
400,132,45038,5,10,3:2:0:0:
466,238,45157,1,2,2:0:0:0:
350,191,45276,1,2,2:0:0:0:
472,161,45396,1,2,2:0:0:0:
391,257,45515,2,0,P|340:278|279:312,1,118.3,2|0,1:2|2:0,2:0:0:0:
236,371,45873,1,2,2:0:0:0:
233,380,45992,1,10,3:2:0:0:
71,222,46231,6,0,P|112:249|147:243,1,59.15,2|0,2:0|2:0,2:0:0:0:
192,221,46469,1,2,1:2:0:0:
197,207,46589,1,8,3:2:0:0:
201,194,46708,1,2,2:0:0:0:
8,75,46946,6,0,P|38:66|99:52,1,59.15,10|0,3:2|2:0,2:0:0:0:
151,13,47185,1,10,2:0:0:0:
182,27,47304,1,10,2:0:0:0:
213,38,47424,1,0,1:2:0:0:
258,104,47543,6,0,P|325:67|373:77,1,109.2,2|0,1:2|2:0,2:0:0:0:
435,109,47901,2,0,P|420:176|406:277,1,136.5,10|0,3:2|2:0,2:0:0:0:
423,320,48378,1,2,1:2:0:0:
209,168,48616,5,2,2:0:0:0:
214,182,48855,1,10,3:2:0:0:
206,196,49094,2,0,P|181:201|155:208,1,45.5,2|0,2:0|2:0,2:0:0:0:
55,306,49332,6,0,B|173:351|137:240|284:305,1,218.4,2|8,1:2|3:2,2:0:0:0:
410,384,50048,5,2,2:0:0:0:
370,317,50167,1,2,2:0:0:0:
418,251,50286,2,0,P|425:199|406:158,1,54.6,2|0,1:2|3:2,2:0:0:0:
370,143,50525,1,8,2:0:0:0:
512,32,50764,1,10,3:2:0:0:
287,48,51002,1,8,2:0:0:0:
296,55,51121,1,8,2:0:0:0:
303,61,51241,6,0,P|335:52|373:43,1,63.7,2|2,1:2|2:0,2:0:0:0:
436,73,51479,1,2,2:0:0:0:
289,206,51718,6,0,P|250:175|168:194,1,109.2,10|0,3:2|2:0,2:0:0:0:
141,229,52076,2,0,P|146:257|155:299,1,54.6,2|0,2:0|1:2,2:0:0:0:
454,9,52672,5,10,3:2:0:0:
388,115,52791,1,2,2:0:0:0:
504,68,52911,1,2,2:0:0:0:
382,38,53030,1,2,2:0:0:0:
463,134,53149,2,0,P|470:167|482:224,1,54.6,2|0,1:2|2:0,2:0:0:0:
446,258,53388,1,2,2:0:0:0:
283,53,53626,5,10,3:2:0:0:
351,141,53865,1,2,2:0:0:0:
136,336,54104,6,0,P|129:302|117:265,1,59.15,2|8,1:2|3:2,2:0:0:0:
202,384,54342,2,0,P|209:350|221:313,1,59.15,2|0,2:0|2:0,2:0:0:0:
341,154,54581,6,0,P|308:147|257:131,1,59.15,10|0,3:2|2:0,2:0:0:0:
207,77,54819,1,10,2:0:0:0:
176,91,54939,1,10,2:0:0:0:
145,102,55058,1,0,1:2:0:0:
58,56,55177,6,0,B|27:115|69:112|34:189,1,145.6,2|0,2:0|2:0,2:0:0:0:
7,243,55535,1,10,3:2:0:0:
96,264,55773,1,2,2:0:0:0:
129,354,56012,6,0,P|168:322|255:326,1,136.5,2|2,1:2|2:0,2:0:0:0:
307,379,56489,1,8,3:2:0:0:
413,228,56728,5,2,2:0:0:0:
420,237,56847,2,0,L|434:162,1,54.6,2|0,2:0|1:2,2:0:0:0:
373,130,57086,1,2,2:0:0:0:
366,139,57205,2,0,L|352:64,1,54.6,2|0,2:0|2:0,2:0:0:0:
263,177,57443,5,10,3:2:0:0:
222,168,57563,1,8,2:3:0:0:
182,159,57682,1,8,2:3:0:0:
142,151,57801,1,8,2:3:0:0:
102,142,57921,1,4,1:2:0:0:
22,354,58875,6,0,P|93:304|160:327,1,136.5,2|0,1:2|2:0,2:0:0:0:
203,369,59352,2,0,P|216:313|228:277,1,91,8|2,2:0|2:0,2:0:0:0:
258,212,59710,1,2,2:0:0:0:
257,200,59829,1,2,1:2:0:0:
207,129,60068,1,2,2:0:0:0:
275,53,60306,2,0,P|330:83|380:72,1,91,10|2,2:0|2:0,2:0:0:0:
421,25,60664,6,0,P|438:52|441:94,1,54.6,2|0,2:0|1:2,2:0:0:0:
372,200,60903,1,0,2:0:0:0:
372,189,61022,2,0,P|386:160|421:137,1,54.6,2|0,2:0|2:0,2:0:0:0:
498,336,61261,6,0,P|468:327|398:311,1,63.7,10|0,2:0|2:0,2:0:0:0:
366,274,61499,2,0,P|336:283|266:299,1,63.7,2|0,2:0|2:0,2:0:0:0:
172,377,61738,6,0,P|181:347|197:277,1,63.7,2|0,1:2|2:0,2:0:0:0:
234,245,61976,2,0,P|225:215|209:145,1,63.7,2|0,2:0|2:0,2:0:0:0:
156,128,62215,1,8,2:0:0:0:
281,21,62453,1,10,2:0:0:0:
272,28,62573,1,10,2:0:0:0:
260,35,62692,1,0,1:2:0:0:
315,93,62811,6,0,P|365:64|418:71,1,109.2,2|0,2:0|2:0,2:0:0:0:
469,122,63169,2,0,P|479:186|442:235,1,91,10|2,2:0|2:0,2:0:0:0:
335,312,63646,1,2,1:2:0:0:
380,225,63885,1,2,2:0:0:0:
473,353,64123,1,10,2:0:0:0:
291,228,64362,5,0,2:0:0:0:
287,237,64481,2,0,L|197:259,1,54.6,2|0,2:0|1:2,2:0:0:0:
170,299,64720,1,0,2:0:0:0:
166,290,64839,2,0,L|76:268,1,54.6,2|0,2:0|2:0,2:0:0:0:
34,337,65078,6,0,P|16:297|24:261,1,63.7,10|0,2:0|2:0,2:0:0:0:
49,149,65316,2,0,P|67:189|59:225,1,63.7,2|0,2:0|2:0,2:0:0:0:
30,349,65555,1,2,1:2:0:0:
194,167,65793,5,8,2:0:0:0:
143,70,66032,1,8,2:0:0:0:
304,30,66271,5,8,2:0:0:0:
290,22,66390,1,8,2:0:0:0:
273,14,66527,6,0,P|282:83|294:183,1,136.5,2|0,1:2|2:0,2:0:0:0:
254,216,67005,2,0,P|297:242|357:226,1,91,10|2,2:0|2:0,2:0:0:0:
200,82,67483,5,2,1:2:0:0:
13,41,67722,1,2,2:0:0:0:
101,117,67961,1,10,2:0:0:0:
9,215,68200,5,2,2:0:0:0:
20,226,68319,2,0,L|38:311,1,54.6,2|0,2:0|1:2,2:0:0:0:
90,351,68558,1,2,2:0:0:0:
101,340,68678,2,0,L|119:255,1,54.6,2|0,2:0|2:0,2:0:0:0:
202,186,68917,6,0,P|168:219|120:220,1,63.7,10|0,2:0|2:0,2:0:0:0:
279,172,69156,2,0,P|278:219|245:254,1,63.7,2|0,2:0|2:0,2:0:0:0:
388,117,69395,6,0,P|421:151|422:199,1,63.7,2|0,1:2|2:0,2:0:0:0:
368,34,69634,2,0,P|415:34|450:67,1,63.7,2|0,2:0|2:0,2:0:0:0:
229,115,69873,6,0,P|191:106|113:89,1,63.7,8|0,2:0|2:0,2:0:0:0:
62,33,70112,1,10,2:0:0:0:
71,59,70232,1,10,2:0:0:0:
80,85,70351,1,0,1:2:0:0:
105,156,70471,6,0,P|94:217|81:316,1,109.2,2|0,2:0|2:0,2:0:0:0:
25,306,70829,2,0,P|62:336|123:330,1,91,10|2,2:0|2:0,2:0:0:0:
178,312,71188,1,2,2:0:0:0:
187,319,71307,1,2,1:2:0:0:
285,384,71546,1,2,2:0:0:0:
374,302,71785,2,0,P|386:259|415:185,1,91,10|2,2:0|2:0,2:0:0:0:
415,133,72144,6,0,L|331:154,1,54.6,2|0,2:0|1:2,2:0:0:0:
310,198,72383,1,2,2:0:0:0:
304,192,72503,2,0,L|220:171,1,54.6,2|0,2:0|2:0,2:0:0:0:
112,31,72742,6,0,P|120:67|133:127,1,63.7,10|0,2:0|2:0,2:0:0:0:
169,162,72981,2,0,P|161:198|148:258,1,63.7,2|0,2:0|2:0,2:0:0:0:
53,364,73220,1,2,1:2:0:0:
251,178,73459,5,8,2:0:0:0:
214,87,73698,1,8,2:0:0:0:
432,20,73937,5,8,2:0:0:0:
406,93,74056,1,8,2:0:0:0:
380,164,74176,2,0,P|418:217|466:216,2,91,6|2|10,2:1|2:0|2:0,2:0:0:0:
493,248,74893,6,0,P|441:272|428:285,1,45.5,2|0,2:0|2:0,2:0:0:0:
396,330,75132,2,0,P|350:316|294:302,1,91,2|2,1:2|2:0,2:0:0:0:
215,217,75610,1,10,2:0:0:0:
87,348,75849,5,2,2:0:0:0:
94,334,75969,2,0,L|72:243,1,54.6,2|0,2:0|1:2,2:0:0:0:
38,220,76208,1,2,2:0:0:0:
31,206,76327,2,0,L|53:115,1,54.6,2|0,2:0|2:0,2:0:0:0:
113,102,76566,6,0,P|140:114|188:93,1,63.7,10|0,2:0|2:0,2:0:0:0:
199,181,76805,2,0,P|226:170|245:121,1,63.7,2|0,2:0|2:0,2:0:0:0:
238,68,77044,1,0,1:2:0:0:
468,1,77283,6,0,P|458:42|447:97,1,72.8,2|10,2:0|2:0,2:0:0:0:
478,304,77762,1,10,2:0:0:0:
414,246,77881,1,8,2:0:0:0:
422,240,78001,2,0,P|405:272|352:281,1,81.8999999999998,2|0,1:2|2:0,2:0:0:0:
307,333,78479,6,0,P|220:315|68:288,1,191.1,14|0,3:2|2:0,2:0:0:0:
54,347,78957,2,0,P|46:308|35:269,2,72.8,2|2|10,1:2|2:0|2:0,2:0:0:0:
88,120,79674,5,2,2:0:0:0:
95,131,79793,2,0,L|183:104,1,54.6,2|0,2:0|1:0,2:0:0:0:
217,71,80032,1,2,2:0:0:0:
224,60,80152,2,0,L|312:87,1,54.6,2|0,2:0|2:0,2:0:0:0:
331,142,80391,5,8,2:0:0:0:
446,27,80630,2,0,L|477:158,1,91,2|0,2:0|1:2,2:0:0:0:
393,333,81108,5,8,2:0:0:0:
354,246,81347,1,8,2:0:0:0:
156,350,81586,5,8,2:0:0:0:
178,338,81706,1,8,2:0:0:0:
196,328,81825,2,0,P|211:281|166:221,2,91,2|2|10,1:2|2:0|2:0,2:0:0:0:
260,376,82542,1,2,2:0:0:0:
181,225,82781,6,0,P|130:211|49:196,1,91,0|2,1:0|2:0,2:0:0:0:
25,243,83260,1,10,2:0:0:0:
158,107,83499,5,2,2:0:0:0:
168,115,83618,2,0,P|217:111|241:74,1,54.6,2|0,2:0|1:2,2:0:0:0:
274,50,83857,1,2,2:0:0:0:
266,39,83977,2,0,P|217:29|184:58,1,54.6,2|0,2:0|2:0,2:0:0:0:
305,135,84216,6,0,P|312:170|321:225,1,63.7,10|0,2:0|2:0,2:0:0:0:
382,121,84455,2,0,P|389:156|398:211,1,63.7,2|0,2:0|2:0,2:0:0:0:
470,308,84694,2,0,B|358:348|391:251|249:300,1,191.1,2|0,1:2|2:0,2:0:0:0:
226,340,85172,1,8,2:0:0:0:
36,174,85411,5,10,3:2:0:0:
105,202,85530,1,8,3:2:0:0:
173,237,85650,2,0,P|175:282|143:312,1,63.7,2|0,1:2|2:0,2:0:0:0:
226,340,85889,2,0,P|195:373|151:371,1,63.7,2|0,2:0|2:0,2:0:0:0:
172,159,86128,6,0,P|217:157|247:189,1,63.7,10|0,3:2|2:0,2:0:0:0:
275,106,86367,2,0,P|308:136|306:180,1,63.7,2|0,2:0|2:0,2:0:0:0:
426,283,86606,6,0,P|381:285|351:253,1,63.7,2|0,1:2|2:0,2:0:0:0:
323,336,86845,2,0,P|289:305|291:261,1,63.7,2|0,2:0|2:0,2:0:0:0:
402,384,87084,1,10,3:2:0:0:
91,121,87323,5,8,2:0:0:0:
86,112,87443,1,8,2:0:0:0:
81,97,87562,2,0,B|166:119|136:64|245:93,2,145.6,0|8|2,1:2|2:0|1:2,2:0:0:0:
115,25,88758,1,8,2:0:0:0:
194,162,88997,1,8,2:0:0:0:
367,37,89236,5,8,2:0:0:0:
357,42,89355,1,8,2:0:0:0:
348,46,89475,2,0,P|333:103|399:182,1,145.6,2|8,1:2|2:0,2:0:0:0:
462,331,90431,5,10,1:2:0:0:
426,324,90550,1,8,2:3:0:0:
390,317,90670,1,8,2:3:0:0:
354,310,90789,1,8,2:3:0:0:
319,303,90909,2,0,L|233:283,1,54.6,8|8,1:2|2:0,2:0:0:0:
150,355,91148,1,8,2:0:0:0:
158,364,91268,1,8,2:0:0:0:
166,374,91387,6,0,P|178:312|170:274,1,63.7,2|2,1:2|2:0,2:0:0:0:
135,248,91626,1,2,2:0:0:0:
13,130,91865,6,0,P|97:116|150:95,1,109.2,10|2,3:2|2:0,2:0:0:0:
183,70,92224,2,0,P|214:120|209:138,1,54.6,2|0,2:0|1:2,2:0:0:0:
384,384,92821,5,10,3:2:0:0:
424,265,92941,1,2,2:0:0:0:
322,337,93060,1,2,2:0:0:0:
447,339,93180,1,2,2:0:0:0:
347,264,93299,2,0,P|292:255|225:235,1,118.3,2|0,1:2|2:0,2:0:0:0:
170,188,93658,1,2,2:0:0:0:
165,179,93777,1,10,3:2:0:0:
425,84,94017,6,0,P|384:111|349:105,1,59.15,2|0,2:0|2:0,2:0:0:0:
304,83,94256,1,2,1:2:0:0:
299,69,94375,1,8,3:2:0:0:
295,56,94495,1,2,2:0:0:0:
227,260,94734,6,0,P|257:251|318:237,1,59.15,10|0,3:2|2:0,2:0:0:0:
370,198,94973,1,10,2:0:0:0:
401,212,95092,1,10,2:0:0:0:
432,223,95212,1,0,1:2:0:0:
479,289,95331,6,0,P|427:299|342:320,1,109.2,2|0,2:0|2:0,2:0:0:0:
310,357,95690,2,0,P|248:344|156:323,1,136.5,10|0,3:2|2:0,2:0:0:0:
108,299,96168,1,2,1:2:0:0:
218,130,96407,5,2,2:0:0:0:
226,141,96646,1,10,3:2:0:0:
225,154,96885,2,0,P|194:161|150:174,1,45.5,2|0,2:0|2:0,2:0:0:0:
162,59,97124,6,0,B|283:2|246:108|399:51,1,218.4,2|8,1:2|2:0,2:0:0:0:
478,336,97841,5,2,2:0:0:0:
426,270,97961,1,2,2:0:0:0:
358,319,98080,2,0,P|333:331|293:332,1,54.6,2|0,1:2|3:0,2:0:0:0:
235,305,98319,1,8,2:0:0:0:
90,179,98558,1,10,2:0:0:0:
103,346,98797,1,8,2:0:0:0:
110,332,98917,1,8,2:0:0:0:
116,319,99036,6,0,P|130:277|117:238,1,63.7,2|2,1:2|2:0,2:0:0:0:
83,196,99276,1,2,2:0:0:0:
209,69,99515,6,0,P|245:104|328:90,1,109.2,10|2,3:2|2:0,2:0:0:0:
349,48,99873,2,0,P|372:111|353:140,1,54.6,2|0,2:0|1:2,2:0:0:0:
228,260,100471,5,10,3:2:0:0:
334,326,100590,1,2,2:0:0:0:
287,210,100710,1,2,2:0:0:0:
257,332,100829,1,2,2:0:0:0:
353,251,100949,2,0,P|386:244|443:232,1,54.6,2|0,1:2|2:0,2:0:0:0:
477,268,101188,1,2,2:0:0:0:
250,342,101427,5,10,3:2:0:0:
351,374,101666,1,2,2:0:0:0:
167,176,101905,6,0,P|129:218|102:222,1,59.15,2|8,1:2|3:2,2:0:0:0:
98,86,102144,2,0,P|100:142|84:164,1,59.15,2|0,2:0|2:0,2:0:0:0:
190,47,102383,6,0,P|219:40|277:29,1,59.15,10|0,3:2|2:0,2:0:0:0:
308,84,102622,1,10,2:0:0:0:
341,92,102742,1,10,2:0:0:0:
373,97,102861,1,0,1:2:0:0:
430,270,103100,6,0,P|384:303|322:291,2,91,2|10|2,2:0|3:2|2:0,2:0:0:0:
335,324,103817,2,0,P|268:307|181:292,1,136.5,2|2,1:2|2:0,2:0:0:0:
145,346,104295,1,8,3:2:0:0:
108,149,104534,5,2,2:0:0:0:
120,159,104654,2,0,L|202:138,1,54.6,2|0,2:0|1:2,2:0:0:0:
225,198,104893,1,2,2:0:0:0:
237,188,105013,2,0,L|319:209,1,54.6,2|0,2:0|2:0,2:0:0:0:
400,287,105252,5,10,3:2:0:0:
391,246,105371,1,8,2:3:0:0:
382,206,105491,1,8,2:3:0:0:
374,166,105610,1,8,2:3:0:0:
365,126,105730,1,4,1:2:0:0:
