osu file format v14

[General]
AudioFilename: 05 Break Free (feat. Zedd).mp3
AudioLeadIn: 0
PreviewTime: -1
Countdown: 1
SampleSet: Normal
StackLeniency: 0.7
Mode: 0
LetterboxInBreaks: 1
WidescreenStoryboard: 0

[Editor]
DistanceSpacing: 0.8
BeatDivisor: 6
GridSize: 8
TimelineZoom: 1

[Metadata]
Title:Break Free (feat. Zedd)
TitleUnicode:Break Free (feat. Zedd)
Artist:Ariana Grande
ArtistUnicode:Ariana Grande
Creator:Mushu
Version:Free
Source:
Tags:Ariana Grande Break Free (feat. Zedd)
BeatmapID:482417
BeatmapSetID:204297

[Difficulty]
HPDrainRate:7
CircleSize:4
OverallDifficulty:7
ApproachRate:9.2
SliderMultiplier:1.4
SliderTickRate:1

[Events]
//Background and Video events
0,0,"Ariana-Grande-Break-Free-550x401.jpg",0,0
//Break Periods
2,73733,80318
//Storyboard Layer 0 (Background)
//Storyboard Layer 1 (Fail)
//Storyboard Layer 2 (Pass)
//Storyboard Layer 3 (Foreground)
//Storyboard Sound Samples

[TimingPoints]
149,461.538461538462,4,1,0,100,1,0


[HitObjects]
120,248,149,6,0,L|160:200,11,35,0|0|0|0|0|0|0|0|0|0|0|0,0:0|0:0|0:0|0:0|0:0|0:0|0:0|0:0|0:0|0:0|0:0|0:0,0:0:0:0:
120,240,1533,6,0,P|200:224|216:224,1,70
349,88,1995,6,0,L|384:88,11,35,0|0|0|0|0|0|0|0|0|0|0|0,0:0|0:0|0:0|0:0|0:0|0:0|0:0|0:0|0:0|0:0|0:0|0:0,0:0:0:0:
384,88,3379,2,0,P|400:144|408:176,1,70
312,304,3841,6,0,L|234:285,1,70
216,272,4187,1,0,0:0:0:0:
192,248,4302,2,0,L|143:174,1,70
128,160,4649,5,0,0:0:0:0:
112,128,4764,2,0,L|192:96,1,70
208,88,5110,1,0,0:0:0:0:
240,80,5225,2,0,L|307:59,1,70
256,192,5687,12,0,7302,0:0:0:0:
368,56,7533,6,0,P|408:96|440:120,1,70
120,312,7995,2,0,P|87:283|64:264,1,70
368,56,8456,2,0,P|408:96|440:120,1,70
360,256,8918,5,0,0:0:0:0:
88,48,9149,1,0,0:0:0:0:
280,32,9379,2,0,L|280:112,1,70
64,312,9841,2,0,L|64:224,1,70
456,232,10302,2,0,L|456:320,1,70
128,200,10764,5,0,0:0:0:0:
344,344,10995,1,0,0:0:0:0:
272,56,11225,2,0,P|336:48|408:80,2,140
112,88,12379,1,0,0:0:0:0:
368,272,12610,2,0,L|288:272,1,70
88,152,13072,5,0,0:0:0:0:
400,64,13302,1,0,0:0:0:0:
352,312,13533,1,0,0:0:0:0:
176,64,13764,1,0,0:0:0:0:
128,312,13995,1,0,0:0:0:0:
360,128,14225,1,0,0:0:0:0:
96,48,14456,5,0,0:0:0:0:
88,312,14687,1,0,0:0:0:0:
272,88,14918,2,0,L|344:48,1,70
184,352,15379,2,0,L|123:319,1,70
96,48,15841,6,0,L|168:8,1,70
464,344,16302,2,0,L|403:311,1,70
136,240,16764,5,0,0:0:0:0:
352,80,16995,1,0,0:0:0:0:
104,40,17225,1,0,0:0:0:0:
336,304,17456,1,0,0:0:0:0:
312,64,17687,5,0,0:0:0:0:
96,320,17918,1,0,0:0:0:0:
48,56,18149,1,0,0:0:0:0:
336,304,18379,6,0,L|416:304,2,70
352,112,19072,2,0,P|408:136|416:216,1,140
384,288,19764,5,0,0:0:0:0:
336,344,19995,1,0,0:0:0:0:
224,152,20225,1,0,0:0:0:0:
160,112,20456,1,0,0:0:0:0:
88,224,20687,5,0,0:0:0:0:
88,296,20918,1,0,0:0:0:0:
296,200,21149,1,0,0:0:0:0:
320,136,21379,1,0,0:0:0:0:
296,72,21610,2,0,P|240:40|144:48,2,140,0|0|0,0:0|0:0|0:0,0:0:0:0:
456,32,22764,5,0,0:0:0:0:
336,224,23225,1,0,0:0:0:0:
208,32,23456,1,0,0:0:0:0:
72,256,23687,1,0,0:0:0:0:
448,240,23918,1,0,0:0:0:0:
304,48,24149,5,0,0:0:0:0:
192,192,24379,1,0,0:0:0:0:
384,288,24610,1,0,0:0:0:0:
384,88,24841,1,0,0:0:0:0:
192,192,25072,2,0,P|136:184|104:112,1,140
464,112,25764,6,0,P|441:175|376:191,1,140
312,48,26456,1,0,0:0:0:0:
416,280,26687,1,0,0:0:0:0:
240,80,26918,1,0,0:0:0:0:
344,304,27149,5,0,0:0:0:0:
192,136,27379,1,0,0:0:0:0:
272,296,27609,1,0,0:0:0:0:
120,296,27841,2,0,L|46:254,1,70
152,40,28302,2,0,L|224:72,1,70
105,297,28764,6,0,L|56:248,2,70
312,184,29456,2,0,P|359:135|356:67,1,140
168,72,30149,5,0,0:0:0:0:
48,232,30379,1,0,0:0:0:0:
336,96,30610,1,0,0:0:0:0:
384,336,30841,1,0,0:0:0:0:
208,128,31072,2,0,L|160:56,1,70,0|0,0:0|0:0,0:0:0:0:
392,240,31533,6,0,L|440:168,1,70,0|0,0:0|0:0,0:0:0:0:
97,37,31995,2,0,L|136:96,1,70,0|0,0:0|0:0,0:0:0:0:
408,96,32456,2,0,L|456:24,2,70
104,280,33149,1,0,0:0:0:0:
392,312,33379,1,0,0:0:0:0:
184,88,33610,1,0,0:0:0:0:
408,256,33841,5,0,0:0:0:0:
80,96,34072,1,0,0:0:0:0:
352,328,34302,1,0,0:0:0:0:
296,88,34533,1,0,0:0:0:0:
448,240,34764,5,0,0:0:0:0:
400,56,34994,1,0,0:0:0:0:
288,240,35225,1,0,0:0:0:0:
152,80,35456,1,0,0:0:0:0:
88,272,35687,2,0,B|160:256|320:288|184:40|464:272,1,420,0|0,0:0|0:0,0:0:0:0:
408,56,37764,5,0,0:0:0:0:
242,107,38225,2,0,B|172:80|258:288|90:178,1,210,0|0,0:0|0:0,0:0:0:0:
400,272,39379,5,0,0:0:0:0:
400,272,39610,2,0,L|320:320,1,70
432,96,40072,2,0,P|376:96|304:48,1,140
208,120,40764,6,0,P|152:120|80:168,1,140
72,272,41456,1,0,0:0:0:0:
272,152,41687,1,0,0:0:0:0:
448,304,41918,1,0,0:0:0:0:
176,272,42379,5,0,0:0:0:0:
360,56,42610,1,0,0:0:0:0:
368,296,42841,1,0,0:0:0:0:
80,224,43072,1,0,0:0:0:0:
400,72,43302,1,0,0:0:0:0:
365,297,43533,2,0,P|299:325|233:278,1,140
192,128,44225,6,0,P|207:61|268:32,1,140
440,96,45149,1,0,0:0:0:0:
314,224,45610,6,0,B|280:248|264:272|272:296|320:296|344:328|368:336|384:296|400:272,1,210
48,296,46764,5,0,0:0:0:0:
136,96,46995,2,0,L|128:168,1,70
272,160,47456,2,0,L|416:240,1,140
480,192,48149,6,0,L|392:304,1,140
197,278,48841,2,0,L|72:216,1,140
408,88,49764,5,0,0:0:0:0:
408,88,49995,1,0,0:0:0:0:
464,272,50341,1,0,0:0:0:0:
232,168,50687,1,0,0:0:0:0:
80,304,50918,5,0,0:0:0:0:
64,48,51264,1,0,0:0:0:0:
240,208,51610,1,0,0:0:0:0:
392,88,51841,2,0,L|448:32,1,70
424,272,52302,5,0,0:0:0:0:
192,56,52533,1,0,0:0:0:0:
80,296,52764,1,0,0:0:0:0:
264,240,52995,2,0,L|280:320,2,70,0|0|0,0:0|0:0|0:0,0:0:0:0:
64,104,53687,5,0,0:0:0:0:
368,192,53918,1,0,0:0:0:0:
56,264,54149,1,0,0:0:0:0:
352,304,54379,2,0,L|400:232,1,70
104,176,54841,5,0,0:0:0:0:
312,96,55072,2,0,L|400:96,1,70
424,304,55533,2,0,L|384:240,1,70
184,56,55994,5,0,0:0:0:0:
176,304,56225,1,0,0:0:0:0:
184,56,56456,1,0,0:0:0:0:
296,288,56687,1,0,0:0:0:0:
184,56,56918,1,0,0:0:0:0:
376,136,57149,6,0,L|448:136,2,70
176,248,57841,2,0,L|123:294,1,70
432,352,58302,2,0,L|496:304,2,70
408,296,58995,6,0,P|360:264|272:240,1,140
184,280,59687,1,0,0:0:0:0:
128,240,59918,2,0,L|64:192,2,70,0|0|0,0:0|0:0|0:0,0:0:0:0:
224,312,60610,5,0,0:0:0:0:
216,104,60841,1,0,0:0:0:0:
400,304,61072,1,0,0:0:0:0:
384,120,61302,1,0,0:0:0:0:
224,312,61533,5,0,0:0:0:0:
216,104,61764,1,0,0:0:0:0:
400,304,61995,1,0,0:0:0:0:
352,48,62225,1,0,0:0:0:0:
296,312,62456,1,0,0:0:0:0:
160,40,62687,5,0,0:0:0:0:
192,184,62918,2,0,P|128:136|64:136,1,140,0|0,0:0|0:0,0:0:0:0:
280,280,63610,2,0,P|357:297|416:271,2,140,0|0|0,0:0|0:0|0:0,0:0:0:0:
184,256,64764,5,0,0:0:0:0:
400,88,65110,1,0,0:0:0:0:
432,328,65456,1,0,0:0:0:0:
432,328,65687,1,0,0:0:0:0:
128,56,66033,5,0,0:0:0:0:
48,224,66379,1,0,0:0:0:0:
184,240,66610,2,0,L|208:208,3,35
224,184,67072,2,0,L|248:152,3,35,0|0|0|0,0:0|0:0|0:0|0:0,0:0:0:0:
264,128,67533,6,0,L|288:96,3,35,0|0|0|0,0:0|0:0|0:0|0:0,0:0:0:0:
312,80,67995,1,0,0:0:0:0:
352,80,68110,1,0,0:0:0:0:
392,96,68225,1,0,0:0:0:0:
424,128,68341,1,0,0:0:0:0:
432,168,68456,6,0,L|432:224,3,35,0|0|0|0,0:0|0:0|0:0|0:0,0:0:0:0:
432,240,68918,2,0,L|432:296,3,35,0|0|0|0,0:0|0:0|0:0|0:0,0:0:0:0:
432,312,69379,2,0,L|432:368,3,35,0|0|0|0,0:0|0:0|0:0|0:0,0:0:0:0:
384,352,69841,5,0,0:0:0:0:
352,352,69956,1,0,0:0:0:0:
312,352,70072,1,0,0:0:0:0:
280,352,70187,1,0,0:0:0:0:
232,328,70302,2,0,L|200:296,1,35
296,240,70533,2,0,L|312:208,1,35
208,192,70764,6,0,L|168:176,1,35
280,128,70995,2,0,L|296:88,1,35
351,184,71225,6,0,L|376:160,1,35
464,112,71456,2,0,L|488:160,1,35
429,200,71687,6,0,L|416:168,1,35
376,256,71918,2,0,L|368:304,1,35
266,206,72149,6,0,L|234:198,24,17.5,0|0|0|0|0|0|0|0|0|0|0|0|0|0|0|0|0|0|0|0|0|0|0|0|0,0:0|0:0|0:0|0:0|0:0|0:0|0:0|0:0|0:0|0:0|0:0|0:0|0:0|0:0|0:0|0:0|0:0|0:0|0:0|0:0|0:0|0:0|0:0|0:0|0:0,0:0:0:0:
80,56,80918,5,0,0:0:0:0:
192,184,81149,1,0,0:0:0:0:
80,320,81379,1,0,0:0:0:0:
336,88,81610,1,0,0:0:0:0:
424,176,81841,6,0,L|480:248,1,70
192,72,82302,2,0,L|152:144,1,70
16,256,82764,2,0,L|56:168,1,70
80,304,83225,6,0,L|216:336,1,140
264,96,83918,2,0,P|288:128|288:224,2,140,0|0|0,0:0|0:0|0:0,0:0:0:0:
312,328,85072,6,0,L|400:320,1,70
456,240,85533,1,0,0:0:0:0:
224,48,85764,1,0,0:0:0:0:
408,104,85995,2,0,L|472:40,2,70,0|0|0,0:0|0:0|0:0,0:0:0:0:
200,320,86687,5,0,0:0:0:0:
288,152,86918,1,0,0:0:0:0:
384,304,87149,1,0,0:0:0:0:
112,168,87379,1,0,0:0:0:0:
312,32,87610,1,0,0:0:0:0:
336,296,87841,1,0,0:0:0:0:
112,168,88072,6,0,L|16:56,1,140
440,64,88764,1,0,0:0:0:0:
416,280,89225,5,0,0:0:0:0:
88,80,89687,1,0,0:0:0:0:
88,256,89918,1,0,0:0:0:0:
88,80,90149,1,0,0:0:0:0:
192,256,90379,5,0,0:0:0:0:
88,80,90610,1,0,0:0:0:0:
280,256,90841,1,0,0:0:0:0:
376,72,91072,1,0,0:0:0:0:
280,256,91302,5,0,0:0:0:0:
376,72,91533,1,0,0:0:0:0:
464,256,91764,1,0,0:0:0:0:
264,104,91995,1,0,0:0:0:0:
264,104,92225,6,0,P|232:72|128:48,1,140
88,160,92918,2,0,L|72:240,1,70
160,304,93379,2,0,P|208:280|312:304,1,140
320,128,94072,5,0,0:0:0:0:
368,288,94302,1,0,0:0:0:0:
176,136,94533,1,0,0:0:0:0:
448,176,94764,2,0,L|480:40,2,140,0|0|0,0:0|0:0|0:0,0:0:0:0:
400,272,95918,6,0,P|336:296|272:272,1,140
176,312,96610,2,0,P|112:336|48:312,1,140
48,72,97302,5,0,0:0:0:0:
112,296,97533,1,0,0:0:0:0:
256,56,97764,1,0,0:0:0:0:
416,232,97995,1,0,0:0:0:0:
240,128,98225,5,0,0:0:0:0:
120,264,98456,1,0,0:0:0:0:
352,80,98687,1,0,0:0:0:0:
392,144,98918,2,0,P|408:192|352:280,1,140
48,232,99610,6,0,L|144:232,1,70
232,128,100072,1,0,0:0:0:0:
216,296,100302,1,0,0:0:0:0:
384,64,100533,1,0,0:0:0:0:
448,200,100764,5,0,0:0:0:0:
296,312,100995,1,0,0:0:0:0:
344,176,101225,1,0,0:0:0:0:
112,256,101456,1,0,0:0:0:0:
176,56,101687,1,0,0:0:0:0:
40,256,101918,5,0,0:0:0:0:
272,152,102149,2,0,B|332:204|305:146|387:252|486:68|432:20,1,280
72,96,104225,5,0,0:0:0:0:
104,288,104687,2,0,P|152:240|296:240,1,210
448,64,105841,5,0,0:0:0:0:
448,64,106072,2,0,L|392:112,1,70
304,48,106533,2,0,P|264:40|160:56,1,140
48,272,107225,6,0,L|128:128,1,140,0|0,0:0|0:0,0:0:0:0:
272,48,107918,1,0,0:0:0:0:
432,248,108149,1,0,0:0:0:0:
160,264,108379,1,0,0:0:0:0:
112,64,108841,5,0,0:0:0:0:
112,248,109072,1,0,0:0:0:0:
400,64,109302,1,0,0:0:0:0:
112,248,109533,1,0,0:0:0:0:
400,248,109764,5,0,0:0:0:0:
184,80,109995,2,0,L|32:80,1,140
312,304,110687,2,0,L|472:304,1,140
216,48,111610,5,0,0:0:0:0:
360,144,112072,2,0,P|368:192|272:320,1,210
64,248,113225,5,0,0:0:0:0:
64,248,113456,2,0,L|56:160,1,70
239,84,113918,2,0,L|224:224,1,140
480,80,114610,6,0,P|441:123|355:80,1,140
64,240,115302,2,0,P|118:226|193:265,1,140
56,72,116225,5,0,0:0:0:0:
56,72,116456,1,0,0:0:0:0:
208,280,116802,1,0,0:0:0:0:
248,56,117149,5,0,0:0:0:0:
384,312,117379,1,0,0:0:0:0:
472,72,117725,1,0,0:0:0:0:
168,160,118072,1,0,0:0:0:0:
48,328,118302,5,0,0:0:0:0:
296,248,118533,1,0,0:0:0:0:
48,48,118764,1,0,0:0:0:0:
280,136,118995,1,0,0:0:0:0:
56,320,119225,2,0,P|112:272|120:264,2,70
376,48,119918,6,0,L|456:64,1,70
336,272,120379,1,0,0:0:0:0:
384,40,120610,1,0,0:0:0:0:
72,56,120841,1,0,0:0:0:0:
192,328,121072,5,0,0:0:0:0:
296,64,121302,1,0,0:0:0:0:
272,320,121533,1,0,0:0:0:0:
464,96,121764,1,0,0:0:0:0:
296,64,121995,6,0,L|240:144,1,70
128,56,122456,1,0,0:0:0:0:
408,56,122687,1,0,0:0:0:0:
136,280,122918,2,0,L|88:224,2,70
58,117,123610,6,0,L|104:64,1,70
168,288,124072,2,0,L|224:352,1,70
304,120,124533,2,0,L|370:43,1,70
440,40,124995,5,0,0:0:0:0:
192,128,125225,1,0,0:0:0:0:
384,216,125456,2,0,P|424:160|496:128,1,140
448,296,126149,5,0,0:0:0:0:
272,232,126379,2,0,L|208:200,1,70
104,336,126841,1,0,0:0:0:0:
168,72,127072,1,0,0:0:0:0:
392,176,127302,6,0,L|408:96,1,70,0|0,0:0|0:0,0:0:0:0:
256,312,127764,1,0,0:0:0:0:
72,144,127995,1,0,0:0:0:0:
232,104,128225,2,0,L|168:72,1,70
272,288,128687,2,0,L|416:296,1,140
424,48,129379,6,0,P|416:112|384:192,1,140
160,144,130072,2,0,L|40:56,1,140
80,304,130995,5,0,0:0:0:0:
80,304,131225,1,0,0:0:0:0:
304,48,131572,1,0,0:0:0:0:
376,320,131918,1,0,0:0:0:0:
376,320,132149,5,0,0:0:0:0:
160,208,132495,1,0,0:0:0:0:
416,80,132841,1,0,0:0:0:0:
416,80,133072,1,0,0:0:0:0:
256,192,133302,12,0,143918,0:0:0:0:
160,120,144149,6,0,P|208:176|224:256,1,140
368,40,144841,1,0,0:0:0:0:
320,176,145072,2,0,L|464:152,1,140
216,264,145764,5,0,0:0:0:0:
168,112,145995,2,0,B|336:248|248:104|192:184|448:24,1,350
464,312,147379,2,0,L|440:232,1,70
136,120,147841,5,0,0:0:0:0:
136,120,148072,1,0,0:0:0:0:
248,312,148302,1,0,0:0:0:0:
248,312,148533,1,0,0:0:0:0:
384,48,148764,2,0,L|424:112,1,70
432,216,149225,5,0,0:0:0:0:
304,296,149456,1,0,0:0:0:0:
136,280,149687,2,0,P|88:304|64:336,1,70
328,160,150149,2,0,P|368:136|384:88,1,70
280,288,150610,5,0,0:0:0:0:
232,56,150840,1,0,0:0:0:0:
368,280,151072,1,0,0:0:0:0:
160,80,151302,1,0,0:0:0:0:
64,128,151533,6,0,L|136:160,1,70
104,280,151995,2,0,L|200:272,1,70
272,216,152456,5,0,0:0:0:0:
280,48,152687,1,0,0:0:0:0:
464,104,152918,1,0,0:0:0:0:
424,264,153149,2,0,P|440:312|432:352,2,70
304,56,153841,5,0,0:0:0:0:
72,256,154072,2,0,L|80:176,1,70
160,48,154533,1,0,0:0:0:0:
272,200,154764,2,0,L|256:272,1,70
72,256,155225,6,0,L|88:168,1,70
240,40,155687,1,0,0:0:0:0:
344,168,155918,1,0,0:0:0:0:
72,48,156149,1,0,0:0:0:0:
64,336,156379,1,0,0:0:0:0:
184,208,156610,1,0,0:0:0:0:
248,328,156841,6,0,L|328:264,1,70
448,176,157302,2,0,L|456:256,1,70
89,260,157764,6,0,L|136:208,1,70
256,96,158225,1,0,0:0:0:0:
416,48,158456,2,0,L|376:120,1,70
384,248,158918,5,8,0:0:0:0:
256,288,159149,1,8,0:0:0:0:
288,176,159380,1,8,0:0:0:0:
384,248,159610,1,8,0:0:0:0:
256,288,159841,5,8,0:0:0:0:
288,176,160072,1,8,0:0:0:0:
456,224,160303,1,8,0:0:0:0:
200,328,160534,1,8,0:0:0:0:
296,48,160764,5,8,0:0:0:0:
456,224,160995,1,8,0:0:0:0:
200,328,161226,1,8,0:0:0:0:
296,48,161456,1,8,0:0:0:0:
480,152,161687,5,8,0:0:0:0:
80,312,161918,1,8,0:0:0:0:
128,48,162148,1,8,0:0:0:0:
480,152,162380,1,8,0:0:0:0:
48,248,162610,5,0,0:0:0:0:
45,213,162725,1,0,0:0:0:0:
49,178,162840,1,0,0:0:0:0:
60,145,162956,1,0,0:0:0:0:
76,114,163071,1,0,0:0:0:0:
98,87,163186,1,0,0:0:0:0:
125,64,163302,1,0,0:0:0:0:
156,47,163417,1,0,0:0:0:0:
189,36,163533,1,0,0:0:0:0:
223,31,163648,1,0,0:0:0:0:
258,33,163763,1,0,0:0:0:0:
292,41,163879,1,0,0:0:0:0:
324,56,163994,1,0,0:0:0:0:
352,76,164110,1,0,0:0:0:0:
377,101,164225,1,0,0:0:0:0:
396,130,164340,1,0,0:0:0:0:
409,163,164456,1,0,0:0:0:0:
424,192,164572,2,0,L|440:216,22,17.5
128,232,166302,6,0,P|80:192|56:184,1,70
216,104,166764,1,0,0:0:0:0:
408,320,166995,2,0,P|448:288|472:280,1,70
360,48,167456,5,0,0:0:0:0:
272,256,167687,1,0,0:0:0:0:
280,40,167918,1,0,0:0:0:0:
120,232,168149,2,0,L|40:288,1,70
400,136,168610,6,0,L|456:192,1,70
352,312,169072,1,0,0:0:0:0:
96,80,169302,2,0,L|96:168,1,70
440,296,169764,6,0,L|448:224,1,70
192,64,170225,1,0,0:0:0:0:
112,240,170456,1,0,0:0:0:0:
312,232,170687,1,0,0:0:0:0:
360,64,170918,2,0,L|432:48,1,70
200,144,171379,5,0,0:0:0:0:
192,288,171610,2,0,P|176:320|136:352,1,70
320,128,172072,2,0,L|360:64,1,70
88,152,172533,5,0,0:0:0:0:
304,296,172764,1,0,0:0:0:0:
448,64,172995,1,0,0:0:0:0:
224,296,173225,1,0,0:0:0:0:
208,32,173456,1,0,0:0:0:0:
192,200,173687,2,0,P|200:152|120:120,1,140
336,200,174379,5,0,0:0:0:0:
448,320,174610,1,0,0:0:0:0:
336,32,174841,1,0,0:0:0:0:
136,120,175072,1,0,0:0:0:0:
56,280,175302,2,0,P|104:296|120:328,1,70
368,176,175764,5,0,0:0:0:0:
272,320,175995,1,0,0:0:0:0:
416,256,176225,2,0,L|496:192,2,70
192,104,176918,2,0,L|112:104,1,70
296,344,177379,6,0,L|376:344,1,70
304,56,177841,1,0,0:0:0:0:
32,272,178072,2,0,L|112:272,1,70
472,104,178533,2,0,L|384:104,1,70
104,72,178995,5,0,0:0:0:0:
368,296,179225,2,0,L|344:208,1,70
104,312,179687,1,0,0:0:0:0:
368,88,179917,2,0,L|344:176,1,70
88,184,180379,5,0,0:0:0:0:
320,200,180610,2,0,L|400:224,1,70
304,336,181072,2,0,L|392:352,1,70
416,56,181533,6,0,L|336:56,1,70
264,48,181995,1,0,0:0:0:0:
208,272,182225,1,0,0:0:0:0:
264,48,182456,1,0,0:0:0:0:
144,232,182687,6,0,P|128:272|136:320,1,70
424,288,183149,2,0,P|423:253|408:221,1,70
336,72,183610,5,0,0:0:0:0:
64,184,183841,1,0,0:0:0:0:
256,320,184072,1,0,0:0:0:0:
448,48,184302,2,0,L|472:144,1,70
387,204,184764,6,0,P|475:188|523:244,1,140
264,160,185456,1,0,0:0:0:0:
368,320,185687,1,0,0:0:0:0:
384,64,185918,1,0,0:0:0:0:
120,224,186149,2,0,L|104:296,1,70
464,200,186610,6,0,L|432:136,1,70
72,80,187072,1,0,0:0:0:0:
240,176,187302,2,0,L|200:112,1,70
408,304,187764,5,0,0:0:0:0:
384,80,187995,1,0,0:0:0:0:
288,224,188225,1,0,0:0:0:0:
240,64,188456,2,0,P|272:80|296:112,2,70
64,296,189149,5,0,0:0:0:0:
104,192,189379,2,0,L|56:128,1,70
440,112,189841,2,0,L|440:184,1,70
320,280,190302,5,0,0:0:0:0:
120,96,190533,2,0,L|216:96,1,70
424,336,190995,2,0,L|344:336,1,70
80,264,191456,5,0,0:0:0:0:
192,48,191687,1,0,0:0:0:0:
256,200,191918,1,0,0:0:0:0:
64,168,192149,5,0,0:0:0:0:
208,304,192379,1,0,0:0:0:0:
304,48,192610,1,0,0:0:0:0:
64,312,192841,1,0,0:0:0:0:
296,176,193072,5,0,0:0:0:0:
440,248,193302,1,0,0:0:0:0:
296,320,193533,1,0,0:0:0:0:
184,48,193764,5,0,0:0:0:0:
168,256,193995,2,0,P|184:136|416:216,1,420
168,136,195841,5,0,0:0:0:0:
264,176,195995,1,0,0:0:0:0:
216,248,196149,1,0,0:0:0:0:
128,216,196302,1,0,0:0:0:0:
168,136,196456,5,0,0:0:0:0:
264,176,196610,1,0,0:0:0:0:
216,248,196764,1,0,0:0:0:0:
128,216,196918,1,0,0:0:0:0:
168,136,197072,1,0,0:0:0:0:
264,176,197225,2,0,P|296:152|400:168,1,140
448,208,197841,5,0,0:0:0:0:
480,280,197995,1,0,0:0:0:0:
440,344,198149,1,0,0:0:0:0:
368,320,198302,1,0,0:0:0:0:
352,240,198456,5,0,0:0:0:0:
296,192,198610,1,0,0:0:0:0:
240,240,198764,1,0,0:0:0:0:
240,312,198918,1,0,0:0:0:0:
168,304,199072,2,0,P|96:288|32:248,1,140
112,184,199687,5,0,0:0:0:0:
112,104,199841,1,0,0:0:0:0:
200,104,199995,1,0,0:0:0:0:
280,104,200149,1,0,0:0:0:0:
280,184,200302,5,0,0:0:0:0:
368,184,200456,1,0,0:0:0:0:
456,184,200610,1,0,0:0:0:0:
456,112,200764,1,0,0:0:0:0:
456,40,200918,2,0,P|400:32|304:32,1,140
224,40,201533,5,0,0:0:0:0:
168,104,201687,1,0,0:0:0:0:
128,168,201841,1,0,0:0:0:0:
88,232,201995,2,0,L|72:256,4,23.3333333333333
192,256,202456,5,0,0:0:0:0:
280,144,202610,1,0,0:0:0:0:
384,128,202764,2,0,L|392:176,2,46.6666666666667
376,312,203225,5,0,0:0:0:0:
296,224,203379,1,0,0:0:0:0:
240,320,203533,1,0,0:0:0:0:
376,312,203687,1,0,0:0:0:0:
296,224,203841,1,0,0:0:0:0:
240,320,203995,5,0,0:0:0:0:
376,312,204149,1,0,0:0:0:0:
296,224,204303,1,0,0:0:0:0:
240,320,204457,1,0,0:0:0:0:
296,224,204610,2,0,L|288:80,1,140
208,192,205225,5,0,0:0:0:0:
352,56,205379,1,0,0:0:0:0:
208,192,205533,1,0,0:0:0:0:
352,56,205687,1,0,0:0:0:0:
208,192,205841,5,0,0:0:0:0:
352,128,205995,1,0,0:0:0:0:
200,184,206149,1,0,0:0:0:0:
352,208,206302,1,0,0:0:0:0:
224,208,206456,2,0,P|184:208|96:160,1,140
136,48,207072,6,0,L|160:104,1,46.6666666666667
280,344,207379,2,0,L|264:296,1,46.6666666666667
336,88,207687,2,0,L|352:144,1,46.6666666666667
120,288,207995,6,0,L|104:224,1,46.6666666666667
200,80,208302,2,0,L|232:136,2,46.6666666666667
152,176,208764,6,0,L|144:144,22,23.3333333333333
216,224,210610,6,0,L|208:280,9,46.6666666666667
