osu file format v14

[General]
AudioFilename: audio.mp3
AudioLeadIn: 0
PreviewTime: 94964
Countdown: 0
SampleSet: Normal
StackLeniency: 0.7
Mode: 0
LetterboxInBreaks: 0
WidescreenStoryboard: 0

[Editor]
Bookmarks: 19064,57764,67364,76964,114164,124664,133364,144164,152564,172964,177764,182564,200564,219764,240164,259364,278564
DistanceSpacing: 2
BeatDivisor: 4
GridSize: 4
TimelineZoom: 1.7

[Metadata]
Title:Bad Boy's missa
TitleUnicode:Bad Boy's missa
Artist:t+pazolite
ArtistUnicode:t+pazolite
Creator:Zukoia
Version:Pretty Jumpy
Source:
Tags:
BeatmapID:1660682
BeatmapSetID:791606

[Difficulty]
HPDrainRate:5
CircleSize:4
OverallDifficulty:8
ApproachRate:9.4
SliderMultiplier:2.1
SliderTickRate:1

[Events]
//Background and Video events
0,0,"Elsword-Season-2-Wallpaperselsword-season-2-wallpapers-2560x1440-for-samsung-PIC-WPXH358397.jpg",0,0
//Break Periods
2,57950,66810
2,133400,143610
2,173000,177210
//Storyboard Layer 0 (Background)
//Storyboard Layer 1 (Fail)
//Storyboard Layer 2 (Pass)
//Storyboard Layer 3 (Foreground)
//Storyboard Sound Samples

[TimingPoints]
450,300,4,1,0,50,1,0
19050,-200,4,1,0,50,0,0
23550,-142.857142857143,4,1,0,50,0,0
28650,-100,4,1,0,50,0,1
37350,-142.857142857143,4,1,0,50,0,0
38250,-100,4,1,0,50,0,1
46950,-100,4,1,0,80,0,0
48150,-100,4,1,0,50,0,1
57750,-142.857142857143,4,1,0,50,0,0
76950,-125,4,1,0,50,0,0
90750,-166.666666666667,4,1,0,50,0,0
96150,-100,4,1,0,50,0,1
100050,-125,4,1,0,50,0,1
100350,-166.666666666667,4,1,0,50,0,1
100650,-250,4,1,0,50,0,1
100950,-100,4,1,0,50,0,1
104550,-100,4,1,0,50,0,0
105450,-100,4,1,0,50,0,1
109650,-250,4,1,0,50,0,0
109950,-100,4,1,0,50,0,0
110250,-58.8235294117647,4,1,0,50,0,1
110550,-100,4,1,0,50,0,1
115050,-71.4285714285714,4,1,0,50,0,0
116550,-90.9090909090909,4,1,0,50,0,0
117750,-111.111111111111,4,1,0,50,0,0
119250,-142.857142857143,4,1,0,50,0,0
119550,-200,4,1,0,50,0,0
119850,-333.333333333332,4,1,0,50,0,0
120150,-111.111111111111,4,1,0,50,0,0
124650,-71.4285714285714,4,1,0,50,0,1
124950,-83.3333333333333,4,1,0,50,0,1
129150,-111.111111111111,4,1,0,50,0,1
133350,-166.666666666666,4,1,0,50,0,0
151350,-111.111111111111,4,1,0,50,0,0
153150,-83.3333333333332,4,1,0,50,0,0
157350,-111.111111111111,4,1,0,50,0,0
166950,-142.857142857143,4,1,0,50,0,0
172650,-66.6666666666667,4,1,0,50,0,0
177750,-100,4,1,0,50,0,0
181950,-166.666666666667,4,1,0,50,0,0
196950,-200,4,1,0,50,0,0
197250,-142.857142857143,4,1,0,50,0,0
197550,-111.111111111111,4,1,0,50,0,0
197850,-90.909090909091,4,1,0,50,0,0
198150,-142.857142857143,4,1,0,50,0,0
201450,-66.6666666666667,4,1,0,50,0,1
201750,-90.9090909090909,4,1,0,50,0,1
205350,-66.6666666666667,4,1,0,50,0,0
205650,-76.9230769230769,4,1,0,50,0,0
205950,-90.9090909090909,4,1,0,50,0,0
206250,-111.111111111111,4,1,0,50,0,0
206550,-90.9090909090909,4,1,0,50,0,1
210150,-111.111111111111,4,1,0,50,0,0
211050,-90.9090909090908,4,1,0,50,0,1
214950,-76.9230769230769,4,1,0,50,0,0
215250,-90.9090909090909,4,1,0,50,0,0
215550,-111.111111111111,4,1,0,50,0,0
215850,-142.857142857143,4,1,0,50,0,0
216150,-90.9090909090909,4,1,0,50,0,1
219750,-100,4,1,0,50,0,0
235350,-125,4,1,0,50,0,0
240150,-111.111111111111,4,1,0,50,0,1
248550,-111.111111111111,4,1,0,50,0,0
249750,-111.111111111111,4,1,0,50,0,1
259350,-111.111111111111,4,1,0,50,0,0
261750,-125,4,1,0,50,0,0
268950,-166.666666666666,4,1,0,50,0,0
276150,-200,4,1,0,50,0,0
277950,-90.9090909090908,4,1,0,50,0,0


[Colours]
Combo1 : 191,28,28
Combo2 : 255,0,0
Combo3 : 255,128,0

[HitObjects]
216,128,19350,6,0,L|204:192,1,52.5
292,240,19650,2,0,L|304:180,1,52.5
208,112,19950,2,0,L|184:164,1,52.5
308,264,20250,2,0,L|344:212,1,52.5
200,104,20550,2,0,L|156:152,1,52.5
316,284,20850,2,0,L|348:236,1,52.5
180,88,21150,2,0,L|116:124,1,52.5
336,300,21450,2,0,L|388:272,1,52.5
292,140,21750,5,0,0:0:0:0:
208,168,21900,1,0,0:0:0:0:
228,240,22050,2,0,L|292:260,1,52.5
300,120,22350,1,0,0:0:0:0:
164,152,22500,1,0,0:0:0:0:
240,256,22650,2,0,L|304:276,1,52.5
196,136,22950,5,0,0:0:0:0:
220,264,23100,1,0,0:0:0:0:
316,132,23250,1,0,0:0:0:0:
304,280,23400,1,0,0:0:0:0:
272,116,23551,6,0,P|232:152|216:200,1,73.4999977569581
244,264,23850,2,0,L|288:256,2,36.749998878479
88,324,24150,6,0,L|36:260,1,73.4999977569581
44,148,24450,1,0,0:0:0:0:
116,236,24600,1,0,0:0:0:0:
160,320,24750,2,0,L|240:256,1,73.4999977569581
216,164,25050,1,0,0:0:0:0:
108,256,25200,1,0,0:0:0:0:
56,108,25350,6,0,L|56:196,1,73.4999977569581
128,152,25650,2,0,L|128:236,1,73.4999977569581
204,192,25950,2,0,L|204:280,1,73.4999977569581
276,240,26250,2,0,L|276:320,1,73.4999977569581
204,352,26550,6,0,L|204:268,1,73.4999977569581
276,276,26850,2,0,L|276:180,1,73.4999977569581
352,196,27150,2,0,L|352:116,1,73.4999977569581
428,112,27450,2,0,L|428:28,1,73.4999977569581
296,44,27750,5,0,0:0:0:0:
224,152,27900,1,0,0:0:0:0:
348,176,28050,2,0,P|392:152|400:120,1,73.4999977569581
292,48,28350,2,0,P|248:64|240:96,1,73.4999977569581
352,124,28650,6,0,L|352:240,1,105
244,312,28950,5,0,0:0:0:0:
168,236,29100,1,0,0:0:0:0:
312,264,29250,1,0,0:0:0:0:
236,188,29400,1,0,0:0:0:0:
248,340,29550,1,0,0:0:0:0:
124,220,29700,1,0,0:0:0:0:
324,260,29850,1,0,0:0:0:0:
196,160,30000,1,0,0:0:0:0:
196,296,30150,6,0,P|256:328|300:324,1,105
396,272,30450,1,0,0:0:0:0:
312,208,30600,1,0,0:0:0:0:
264,296,30750,6,0,P|324:328|368:324,1,105
436,240,31050,1,0,0:0:0:0:
312,184,31200,1,0,0:0:0:0:
232,272,31350,5,0,0:0:0:0:
208,176,31500,1,0,0:0:0:0:
160,236,31650,1,0,0:0:0:0:
280,212,31800,1,0,0:0:0:0:
240,296,31950,5,0,0:0:0:0:
200,148,32100,1,0,0:0:0:0:
128,240,32250,1,0,0:0:0:0:
304,200,32400,1,0,0:0:0:0:
244,316,32550,2,0,P|180:312|144:272,1,105
160,168,32850,1,0,0:0:0:0:
160,168,33000,1,0,0:0:0:0:
276,72,33150,6,0,L|304:176,1,105
204,240,33450,2,0,L|176:132,1,105
316,72,33750,5,0,0:0:0:0:
328,172,33900,1,0,0:0:0:0:
312,40,34050,1,0,0:0:0:0:
328,192,34200,1,0,0:0:0:0:
240,112,34350,1,0,0:0:0:0:
368,100,34500,1,0,0:0:0:0:
220,112,34650,1,0,0:0:0:0:
392,96,34800,1,0,0:0:0:0:
232,40,34950,6,0,P|184:56|212:104,1,105
328,96,35250,2,0,P|328:152|288:148,1,105
160,112,35550,1,0,0:0:0:0:
72,172,35700,1,0,0:0:0:0:
160,256,35850,1,0,0:0:0:0:
208,156,36000,1,0,0:0:0:0:
128,48,36150,5,0,0:0:0:0:
40,124,36300,1,0,0:0:0:0:
164,160,36450,1,0,0:0:0:0:
84,40,36600,1,0,0:0:0:0:
24,176,36750,1,0,0:0:0:0:
180,112,36900,1,0,0:0:0:0:
56,56,37050,1,0,0:0:0:0:
92,192,37200,1,0,0:0:0:0:
188,100,37350,6,0,L|176:148,2,36.749998878479
344,72,37650,2,0,L|368:28,2,36.749998878479
224,184,37950,2,0,L|168:168,3,36.749998878479
244,208,38250,2,0,P|292:192|272:180,1,105
372,48,38550,5,0,0:0:0:0:
384,56,38700,1,0,0:0:0:0:
336,116,38850,1,0,0:0:0:0:
376,124,39000,1,0,0:0:0:0:
288,160,39150,1,0,0:0:0:0:
364,200,39300,1,0,0:0:0:0:
232,220,39450,1,0,0:0:0:0:
332,296,39600,1,0,0:0:0:0:
200,240,39750,6,0,L|216:136,1,105
280,64,40050,2,0,L|308:200,1,105
308,268,40350,1,0,0:0:0:0:
288,284,40500,1,0,0:0:0:0:
256,300,40650,1,0,0:0:0:0:
224,312,40800,1,0,0:0:0:0:
84,312,40950,6,0,B|40:276|40:276|88:236,1,105
156,236,41250,2,0,B|192:192|192:192|152:164,1,105
76,176,41550,2,0,B|32:140|32:140|80:100,1,105
148,96,41850,2,0,B|184:52|184:52|144:24,1,105
60,48,42150,5,0,0:0:0:0:
120,176,42300,1,0,0:0:0:0:
172,56,42450,1,0,0:0:0:0:
16,92,42600,1,0,0:0:0:0:
124,48,42750,2,0,L|184:144,1,105
136,216,43050,2,0,L|216:328,1,105
260,264,43350,5,0,0:0:0:0:
396,336,43500,1,0,0:0:0:0:
324,216,43650,1,0,0:0:0:0:
408,256,43800,1,0,0:0:0:0:
376,148,43950,1,0,0:0:0:0:
428,176,44100,1,0,0:0:0:0:
424,92,44250,1,0,0:0:0:0:
436,100,44400,1,0,0:0:0:0:
460,40,44550,6,0,P|504:80|492:144,1,105
384,120,44850,1,0,0:0:0:0:
384,120,45000,1,0,0:0:0:0:
316,76,45150,2,0,P|276:112|288:164,1,105
384,144,45450,1,0,0:0:0:0:
384,144,45600,1,0,0:0:0:0:
400,240,45750,6,0,L|296:232,1,105
376,316,46050,2,0,L|288:236,1,105
272,352,46350,2,0,L|288:244,1,105
184,304,46650,2,0,L|280:232,1,105
332,176,46950,5,0,0:0:0:0:
160,8,47250,1,0,0:0:0:0:
64,264,47550,1,0,0:0:0:0:
228,60,47850,1,0,0:0:0:0:
440,36,48150,6,0,L|372:124,1,105
280,184,48450,1,0,0:0:0:0:
232,96,48600,1,0,0:0:0:0:
372,60,48750,2,0,L|312:152,1,105
224,208,49050,1,0,0:0:0:0:
176,100,49200,1,0,0:0:0:0:
276,40,49350,6,0,L|360:120,1,105
348,224,49650,2,0,L|264:144,1,105
200,84,49950,2,0,L|284:164,1,105
284,280,50250,2,0,L|200:200,1,105
204,104,50550,5,0,0:0:0:0:
312,196,50700,1,0,0:0:0:0:
240,56,50850,1,0,0:0:0:0:
324,176,51000,1,0,0:0:0:0:
300,32,51150,1,0,0:0:0:0:
344,160,51300,1,0,0:0:0:0:
372,8,51450,1,0,0:0:0:0:
368,144,51600,1,0,0:0:0:0:
464,156,51750,6,0,B|464:220|464:220|412:220,1,105
324,220,52050,2,0,B|272:220|272:220|272:160,1,105
336,44,52350,2,0,L|336:152,1,105
408,148,52650,2,0,L|408:44,1,105
304,36,52950,5,0,0:0:0:0:
256,172,53100,1,0,0:0:0:0:
120,116,53250,1,0,0:0:0:0:
272,48,53400,1,0,0:0:0:0:
188,160,53550,1,0,0:0:0:0:
60,100,53700,1,0,0:0:0:0:
216,44,53850,1,0,0:0:0:0:
120,176,54000,1,0,0:0:0:0:
192,56,54150,6,0,P|252:88|260:124,1,105
172,64,54450,2,0,P|200:116|180:160,1,105
104,116,54750,1,0,0:0:0:0:
104,116,54900,1,0,0:0:0:0:
104,116,55050,1,0,0:0:0:0:
104,116,55200,1,0,0:0:0:0:
156,168,55350,5,0,0:0:0:0:
156,212,55500,1,0,0:0:0:0:
156,256,55650,1,0,0:0:0:0:
156,300,55800,1,0,0:0:0:0:
228,344,55950,2,0,L|316:268,3,105
256,192,56550,12,0,57750,0:0:0:0:
360,76,67350,5,0,0:0:0:0:
256,148,67650,1,0,0:0:0:0:
248,156,67800,1,0,0:0:0:0:
240,164,67950,1,0,0:0:0:0:
180,56,68250,1,0,0:0:0:0:
324,40,68550,1,0,0:0:0:0:
344,168,68850,1,0,0:0:0:0:
344,144,69000,1,0,0:0:0:0:
344,120,69150,1,0,0:0:0:0:
320,32,69450,5,0,0:0:0:0:
308,36,69600,1,0,0:0:0:0:
296,40,69750,1,0,0:0:0:0:
168,72,70050,1,0,0:0:0:0:
176,80,70200,1,0,0:0:0:0:
188,92,70350,1,0,0:0:0:0:
328,48,70650,1,0,0:0:0:0:
408,188,70950,1,0,0:0:0:0:
316,340,71250,5,0,0:0:0:0:
208,176,71550,1,0,0:0:0:0:
116,36,72150,5,0,0:0:0:0:
44,116,72450,1,0,0:0:0:0:
44,152,72600,1,0,0:0:0:0:
44,184,72750,1,0,0:0:0:0:
176,64,73050,1,0,0:0:0:0:
176,64,73350,5,0,0:0:0:0:
296,152,73650,1,0,0:0:0:0:
316,172,73800,1,0,0:0:0:0:
336,192,73950,1,0,0:0:0:0:
160,208,74250,5,0,0:0:0:0:
176,184,74400,1,0,0:0:0:0:
196,160,74550,1,0,0:0:0:0:
120,80,74850,1,0,0:0:0:0:
104,96,75000,1,0,0:0:0:0:
88,112,75150,1,0,0:0:0:0:
236,60,75450,5,0,0:0:0:0:
416,96,75750,1,0,0:0:0:0:
296,240,76050,1,0,0:0:0:0:
248,32,76350,1,0,0:0:0:0:
100,40,76950,6,0,L|152:216,1,168
248,288,78150,5,0,0:0:0:0:
352,72,78450,1,0,0:0:0:0:
208,48,79350,5,0,0:0:0:0:
100,196,79650,1,0,0:0:0:0:
260,328,80250,5,0,0:0:0:0:
428,276,80550,1,0,0:0:0:0:
288,80,80850,1,0,0:0:0:0:
268,36,81750,6,0,L|344:188,1,168
260,324,82950,5,0,0:0:0:0:
112,116,83250,1,0,0:0:0:0:
72,320,84150,5,0,0:0:0:0:
172,84,84450,1,0,0:0:0:0:
228,308,85050,5,0,0:0:0:0:
128,64,85350,1,0,0:0:0:0:
32,268,85650,1,0,0:0:0:0:
200,80,86550,6,0,P|128:140|96:216,1,168
184,320,87150,1,0,0:0:0:0:
380,252,87450,1,0,0:0:0:0:
188,164,87750,1,0,0:0:0:0:
324,348,88050,1,0,0:0:0:0:
232,172,88350,5,0,0:0:0:0:
340,340,88650,1,0,0:0:0:0:
188,296,88950,2,0,L|348:244,1,168
192,192,89550,1,0,0:0:0:0:
268,340,89850,1,0,0:0:0:0:
324,216,90150,1,0,0:0:0:0:
184,196,90450,1,0,0:0:0:0:
288,188,90750,6,0,L|336:240,1,62.9999980773926
216,304,91050,2,0,L|208:232,1,62.9999980773926
264,160,91350,1,0,0:0:0:0:
264,160,91650,1,0,0:0:0:0:
200,332,91950,1,0,0:0:0:0:
200,332,92250,1,0,0:0:0:0:
160,176,92550,6,0,L|116:232,1,62.9999980773926
248,320,92850,2,0,L|260:256,1,62.9999980773926
144,144,93150,2,0,L|116:212,1,62.9999980773926
284,328,93450,2,0,L|276:252,1,62.9999980773926
88,120,93750,2,0,L|96:188,1,62.9999980773926
328,312,94050,2,0,L|288:252,1,62.9999980773926
48,156,94350,2,0,L|112:192,1,62.9999980773926
360,280,94650,2,0,L|280:252,1,62.9999980773926
340,24,96150,6,0,L|388:128,1,105
400,208,96450,1,0,0:0:0:0:
284,156,96600,1,0,0:0:0:0:
388,236,96750,1,0,0:0:0:0:
276,180,96900,1,0,0:0:0:0:
376,256,97050,1,0,0:0:0:0:
252,340,97350,6,0,P|192:340|152:304,1,105
128,272,97650,1,0,0:0:0:0:
116,252,97800,1,0,0:0:0:0:
88,196,97950,2,0,B|108:164|108:164|60:168|60:168|80:140|80:140|36:148|36:148|64:104|64:104,1,210
204,44,98550,6,0,L|288:120,1,105
344,164,98850,1,0,0:0:0:0:
256,248,99000,1,0,0:0:0:0:
176,188,99150,1,0,0:0:0:0:
288,124,99300,1,0,0:0:0:0:
304,240,99450,1,0,0:0:0:0:
268,52,99750,6,0,P|324:64|384:128,1,105
328,188,100050,2,0,P|300:148|264:128,1,84
204,184,100350,2,0,P|240:208|260:236,1,62.9999980773926
200,284,100650,2,0,P|188:260|176:248,1,42
100,320,100950,6,0,P|56:260|64:220,1,105
144,192,101250,1,0,0:0:0:0:
236,124,101400,1,0,0:0:0:0:
324,204,101550,1,0,0:0:0:0:
228,280,101700,1,0,0:0:0:0:
104,272,101850,2,0,P|72:220|96:168,1,105
152,136,102150,5,0,0:0:0:0:
232,36,102300,1,0,0:0:0:0:
340,108,102450,1,0,0:0:0:0:
260,192,102600,1,0,0:0:0:0:
152,128,102750,2,0,B|108:96|108:96|132:48,2,105
376,52,103350,6,0,L|424:176,1,105
396,236,103650,1,0,0:0:0:0:
480,168,103800,1,0,0:0:0:0:
380,232,103950,1,0,0:0:0:0:
488,152,104100,1,0,0:0:0:0:
360,232,104250,1,0,0:0:0:0:
496,140,104400,1,0,0:0:0:0:
420,280,104550,5,0,0:0:0:0:
420,280,104850,1,0,0:0:0:0:
420,280,105150,1,0,0:0:0:0:
340,216,105450,6,0,L|272:124,1,105
260,104,105750,1,0,0:0:0:0:
180,208,105900,1,0,0:0:0:0:
260,104,106050,1,0,0:0:0:0:
240,224,106200,1,0,0:0:0:0:
260,104,106350,1,0,0:0:0:0:
292,224,106500,1,0,0:0:0:0:
260,104,106650,1,0,0:0:0:0:
152,56,106950,5,0,0:0:0:0:
144,72,107100,1,0,0:0:0:0:
136,88,107250,1,0,0:0:0:0:
128,104,107400,1,0,0:0:0:0:
120,124,107550,2,0,L|92:180,2,52.5
200,60,107850,2,0,L|336:12,1,105
328,12,108150,5,0,0:0:0:0:
416,76,108300,1,0,0:0:0:0:
460,168,108450,1,0,0:0:0:0:
336,148,108600,1,0,0:0:0:0:
452,84,108750,1,0,0:0:0:0:
428,184,108900,1,0,0:0:0:0:
328,128,109050,1,0,0:0:0:0:
356,40,109350,6,0,B|304:40|304:40|304:96,1,105
372,108,109650,2,0,L|372:156,1,42
444,152,109950,2,0,B|444:216|444:216|388:216|388:216,1,105
320,220,110250,2,0,B|220:220|220:220|304:152|304:152,1,178.500003404617
360,96,110550,6,0,P|412:124|400:160,1,105
336,204,110850,1,0,0:0:0:0:
240,116,111000,1,0,0:0:0:0:
292,236,111150,1,0,0:0:0:0:
212,164,111300,1,0,0:0:0:0:
248,264,111450,1,0,0:0:0:0:
184,212,111600,1,0,0:0:0:0:
160,288,111750,6,0,L|20:236,1,105
48,172,112050,1,0,0:0:0:0:
100,72,112200,1,0,0:0:0:0:
48,168,112350,1,0,0:0:0:0:
96,72,112500,1,0,0:0:0:0:
52,182,112650,2,0,P|31:191|36:186,1,105
136,164,112950,6,0,L|219:242,1,105
261,286,113250,1,0,0:0:0:0:
354,344,113400,1,0,0:0:0:0:
372,240,113550,1,0,0:0:0:0:
480,196,113700,1,0,0:0:0:0:
456,80,113850,1,0,0:0:0:0:
368,140,114000,1,0,0:0:0:0:
304,56,114750,6,0,L|280:28,6,26.25
320,60,115050,2,0,P|296:100|296:84,1,146.999995513916
168,60,115350,6,0,B|80:64|80:64|148:96,1,146.999995513916
212,116,115650,1,0,0:0:0:0:
164,200,115800,1,0,0:0:0:0:
216,120,115950,1,0,0:0:0:0:
256,208,116100,1,0,0:0:0:0:
216,112,116250,1,0,0:0:0:0:
392,100,116550,6,0,B|388:164|388:164|308:192,1,115.50000352478
320,112,116850,1,0,0:0:0:0:
320,112,117000,1,0,0:0:0:0:
244,136,117150,2,0,B|232:76|232:76|288:32,2,115.50000352478
140,60,117750,6,0,L|136:164,1,94.499997116089
136,228,118050,1,0,0:0:0:0:
64,168,118200,1,0,0:0:0:0:
136,232,118350,1,0,0:0:0:0:
60,168,118500,1,0,0:0:0:0:
136,232,118650,1,0,0:0:0:0:
172,48,118950,6,0,L|172:152,1,94.499997116089
240,104,119250,2,0,L|240:192,1,73.4999977569581
308,164,119550,2,0,L|308:232,1,52.5
376,204,119850,2,0,L|376:240,1,31.4999990386963
304,336,120150,6,0,P|260:328|276:288,1,94.499997116089
352,272,120450,1,0,0:0:0:0:
436,256,120600,1,0,0:0:0:0:
376,192,120750,1,0,0:0:0:0:
348,284,120900,1,0,0:0:0:0:
448,264,121050,1,0,0:0:0:0:
376,200,121200,1,0,0:0:0:0:
316,312,121350,6,0,P|260:324|212:284,1,94.499997116089
278,237,121650,1,0,0:0:0:0:
278,237,121800,1,0,0:0:0:0:
167,216,121950,2,0,B|97:203|111:147,2,94.499997116089
342,248,122550,6,0,B|392:238|392:238|416:184,1,94.499997116089
476,131,122850,1,0,0:0:0:0:
382,118,123000,1,0,0:0:0:0:
484,118,123150,1,0,0:0:0:0:
392,79,123300,1,0,0:0:0:0:
485,71,123450,2,0,P|441:39|380:35,1,94.499997116089
301,50,123750,5,0,0:0:0:0:
301,50,124050,1,0,0:0:0:0:
301,50,124350,1,0,0:0:0:0:
141,91,124650,6,0,B|91:56|91:56|83:197,1,146.999995513916
132,260,124950,5,0,0:0:0:0:
92,146,125100,1,0,0:0:0:0:
133,264,125250,1,0,0:0:0:0:
100,117,125400,1,0,0:0:0:0:
135,263,125550,1,0,0:0:0:0:
111,92,125700,1,0,0:0:0:0:
134,262,125850,1,0,0:0:0:0:
128,68,126000,1,0,0:0:0:0:
247,227,126150,6,0,B|304:262|304:262|314:192,1,125.999996154785
375,93,126450,5,0,0:0:0:0:
430,188,126600,1,0,0:0:0:0:
373,80,126750,1,0,0:0:0:0:
314,212,126900,1,0,0:0:0:0:
374,71,127050,1,0,0:0:0:0:
439,225,127200,1,0,0:0:0:0:
295,265,127350,6,0,B|279:329|279:329|222:271,1,125.999996154785
180,222,127650,5,0,0:0:0:0:
83,99,127800,1,0,0:0:0:0:
143,248,127950,1,0,0:0:0:0:
124,86,128100,1,0,0:0:0:0:
105,251,128250,1,0,0:0:0:0:
150,86,128400,1,0,0:0:0:0:
143,219,128550,6,0,P|212:229|257:284,1,125.999996154785
371,204,128850,2,0,P|298:214|245:291,1,125.999996154785
178,143,129150,2,0,P|232:199|232:242,1,94.499997116089
303,131,129450,2,0,P|248:170|246:236,1,94.499997116089
172,124,129750,5,0,0:0:0:0:
211,265,129900,1,0,0:0:0:0:
303,115,130050,1,0,0:0:0:0:
264,264,130200,1,0,0:0:0:0:
191,103,130350,1,0,0:0:0:0:
214,247,130500,1,0,0:0:0:0:
283,96,130650,1,0,0:0:0:0:
266,245,130800,1,0,0:0:0:0:
154,147,130950,5,0,0:0:0:0:
307,217,131100,1,0,0:0:0:0:
153,189,131250,1,0,0:0:0:0:
303,183,131400,1,0,0:0:0:0:
150,94,131550,6,0,L|101:108,3,47.2499985580445
166,84,131850,2,0,P|154:33|135:49,1,94.499997116089
165,174,132150,5,0,0:0:0:0:
257,245,132300,1,0,0:0:0:0:
143,161,132450,5,0,0:0:0:0:
272,260,132600,1,0,0:0:0:0:
243,106,132750,5,0,0:0:0:0:
244,76,132900,1,0,0:0:0:0:
246,45,133050,1,0,0:0:0:0:
246,23,133200,1,0,0:0:0:0:
255,312,144150,5,0,0:0:0:0:
255,312,144450,1,0,0:0:0:0:
255,312,144750,1,0,0:0:0:0:
255,312,145050,1,0,0:0:0:0:
255,312,145350,1,0,0:0:0:0:
348,180,145650,5,0,0:0:0:0:
348,180,145800,1,0,0:0:0:0:
348,180,145950,1,0,0:0:0:0:
259,314,146250,5,0,0:0:0:0:
120,112,146550,5,0,0:0:0:0:
120,112,146850,1,0,0:0:0:0:
120,112,147150,1,0,0:0:0:0:
120,112,147450,1,0,0:0:0:0:
120,112,147750,1,0,0:0:0:0:
300,48,148050,5,0,0:0:0:0:
300,48,148200,1,0,0:0:0:0:
300,48,148350,1,0,0:0:0:0:
120,108,148650,5,0,0:0:0:0:
204,188,148950,6,0,L|144:232,1,62.9999980773926
80,276,149250,2,0,L|136:232,1,62.9999980773926
200,148,149550,2,0,L|156:220,1,62.9999980773926
100,312,149850,2,0,L|140:240,1,62.9999980773926
140,116,150150,2,0,L|140:200,1,62.9999980773926
140,348,150450,2,0,L|140:268,1,62.9999980773926
72,128,150750,2,0,L|112:196,1,62.9999980773926
220,332,151050,2,0,L|172:268,1,62.9999980773926
96,208,151350,6,0,L|32:152,6,47.2499985580445
172,280,151950,2,0,L|208:340,6,47.2499985580445
240,56,153150,6,0,L|276:40,8,23.6249992790222
220,64,153450,2,0,L|264:192,1,125.999996154785
329,86,153750,5,0,0:0:0:0:
442,146,153900,1,0,0:0:0:0:
293,149,154050,1,0,0:0:0:0:
408,212,154200,1,0,0:0:0:0:
257,206,154350,1,0,0:0:0:0:
365,264,154500,1,0,0:0:0:0:
87,308,154950,5,0,0:0:0:0:
189,257,155100,1,0,0:0:0:0:
60,240,155250,1,0,0:0:0:0:
161,196,155400,1,0,0:0:0:0:
76,152,155550,2,0,P|109:98|107:119,1,251.999992309571
133,105,156000,1,0,0:0:0:0:
218,51,156150,5,0,0:0:0:0:
238,167,156300,1,0,0:0:0:0:
294,29,156450,1,0,0:0:0:0:
309,142,156600,1,0,0:0:0:0:
366,16,156750,1,0,0:0:0:0:
380,119,156900,1,0,0:0:0:0:
437,0,157050,1,0,0:0:0:0:
451,95,157200,1,0,0:0:0:0:
443,192,157350,6,0,B|369:153|369:153|292:191,1,141.749995674133
299,186,157650,2,0,B|221:228|221:228|152:188,1,141.749995674133
159,190,157950,2,0,B|82:126|82:126|12:192,1,188.999994232178
48,34,158550,5,0,0:0:0:0:
172,57,158700,1,0,0:0:0:0:
59,145,158850,1,0,0:0:0:0:
177,109,159000,1,0,0:0:0:0:
110,235,159150,1,0,0:0:0:0:
200,157,159300,1,0,0:0:0:0:
293,193,159750,5,0,0:0:0:0:
380,297,159900,1,0,0:0:0:0:
313,162,160050,1,0,0:0:0:0:
434,206,160200,1,0,0:0:0:0:
409,130,160350,2,0,B|459:82|459:82|439:40|439:40|348:49,1,188.999994232178
339,50,160800,1,0,0:0:0:0:
196,60,160950,5,0,0:0:0:0:
294,133,161100,1,0,0:0:0:0:
147,112,161250,1,0,0:0:0:0:
253,184,161400,1,0,0:0:0:0:
108,165,161550,1,0,0:0:0:0:
218,242,161700,2,0,B|271:284|271:284|218:242,2,94.499997116089
373,244,162150,5,0,0:0:0:0:
400,114,162300,2,0,L|454:78,2,47.2499985580445
261,119,162600,1,0,0:0:0:0:
397,190,162750,2,0,P|362:258|244:205,1,188.999994232178
367,39,163350,5,0,0:0:0:0:
430,173,163500,1,0,0:0:0:0:
284,132,163650,1,0,0:0:0:0:
384,44,163800,1,0,0:0:0:0:
444,176,163950,1,0,0:0:0:0:
301,140,164100,1,0,0:0:0:0:
278,44,164250,2,0,L|248:48,4,23.6249992790222
392,48,164550,5,0,0:0:0:0:
296,128,164700,1,0,0:0:0:0:
435,167,164850,1,0,0:0:0:0:
399,44,165000,1,0,0:0:0:0:
305,130,165150,1,0,0:0:0:0:
310,251,165450,6,0,P|262:301|213:290,1,94.499997116089
158,245,165750,1,0,0:0:0:0:
262,177,165900,1,0,0:0:0:0:
149,252,166050,1,0,0:0:0:0:
268,168,166200,1,0,0:0:0:0:
134,260,166350,1,0,0:0:0:0:
277,161,166500,1,0,0:0:0:0:
148,156,166650,5,0,0:0:0:0:
148,156,166800,1,0,0:0:0:0:
146,45,166950,6,0,B|207:45|207:45|207:100,1,110.249996635437
209,118,167250,2,0,L|209:242,1,110.249996635437
211,258,167550,2,0,B|286:259|286:259|286:185,1,146.999995513916
351,59,168150,5,0,0:0:0:0:
399,172,168300,1,0,0:0:0:0:
348,46,168450,1,0,0:0:0:0:
404,182,168600,1,0,0:0:0:0:
345,37,168750,1,0,0:0:0:0:
409,192,168900,1,0,0:0:0:0:
313,126,169050,2,0,L|293:146,4,18.3749994392395
358,32,169350,5,0,0:0:0:0:
413,200,169500,1,0,0:0:0:0:
363,50,169650,1,0,0:0:0:0:
410,186,169800,1,0,0:0:0:0:
367,62,169950,1,0,0:0:0:0:
407,174,170100,1,0,0:0:0:0:
291,74,170250,2,0,B|254:61|254:61|210:91,1,73.4999977569581
232,162,170550,6,0,B|199:190|199:190|169:181,1,73.4999977569581
91,140,170850,1,0,0:0:0:0:
153,37,171000,1,0,0:0:0:0:
238,152,171150,1,0,0:0:0:0:
77,92,171300,2,0,B|40:82|40:82|39:31,2,73.4999977569581
209,63,171750,1,0,0:0:0:0:
227,94,171900,2,0,L|267:88,2,36.749998878479
115,146,172200,5,0,0:0:0:0:
127,171,172350,1,0,0:0:0:0:
139,199,172500,1,0,0:0:0:0:
151,223,172650,2,0,P|216:190|190:178,1,157.500006008148
300,73,177750,5,0,0:0:0:0:
350,223,178050,1,0,0:0:0:0:
194,271,178350,1,0,0:0:0:0:
153,115,178650,1,0,0:0:0:0:
306,55,178950,5,0,0:0:0:0:
372,242,179250,1,0,0:0:0:0:
191,292,179550,1,0,0:0:0:0:
130,95,179850,1,0,0:0:0:0:
279,79,180150,6,0,L|351:159,1,105
236,260,180450,2,0,L|160:168,1,105
270,79,180750,6,0,L|313:37,3,52.5
259,111,181050,2,0,L|185:113,3,52.5
289,119,181350,2,0,B|372:115|372:115|337:186|337:186|287:119,1,210
174,165,181950,6,0,L|157:239,1,62.9999980773926
259,240,182250,2,0,L|273:324,1,62.9999980773926
149,315,182550,5,0,0:0:0:0:
108,125,182850,1,0,0:0:0:0:
287,69,183750,5,0,0:0:0:0:
359,250,184050,1,0,0:0:0:0:
207,300,184950,5,0,0:0:0:0:
103,121,185250,1,0,0:0:0:0:
288,74,185850,5,0,0:0:0:0:
395,280,186150,1,0,0:0:0:0:
408,156,186450,1,0,0:0:0:0:
234,304,187350,5,0,0:0:0:0:
74,230,187650,1,0,0:0:0:0:
181,174,187950,2,0,L|163:251,1,62.9999980773926
78,256,188250,2,0,L|157:256,1,62.9999980773926
210,298,188550,5,0,0:0:0:0:
343,166,188850,1,0,0:0:0:0:
360,27,189150,2,0,L|383:94,1,62.9999980773926
468,132,189450,2,0,L|390:95,1,62.9999980773926
348,144,189750,5,0,0:0:0:0:
145,108,190050,1,0,0:0:0:0:
32,187,190350,2,0,L|113:155,1,62.9999980773926
191,187,190650,2,0,L|115:157,1,62.9999980773926
54,232,190950,2,0,L|104:179,1,62.9999980773926
182,238,191250,2,0,L|113:184,1,62.9999980773926
104,289,191550,2,0,B|58:285|48:320,3,62.9999980773926
267,326,192150,5,0,0:0:0:0:
416,178,192450,1,0,0:0:0:0:
320,84,192750,1,0,0:0:0:0:
297,252,193050,1,0,0:0:0:0:
250,55,193350,1,0,0:0:0:0:
315,245,193650,1,0,0:0:0:0:
389,76,193950,2,0,L|355:145,1,62.9999980773926
284,256,194250,2,0,L|253:181,1,62.9999980773926
364,63,194550,5,0,0:0:0:0:
191,130,194850,1,0,0:0:0:0:
356,173,195150,1,0,0:0:0:0:
177,112,195450,1,0,0:0:0:0:
383,50,195750,1,0,0:0:0:0:
172,107,196050,1,0,0:0:0:0:
374,206,196350,2,0,L|299:168,1,62.9999980773926
373,10,196650,2,0,L|304:48,1,62.9999980773926
160,91,196950,6,0,L|160:31,1,52.5
224,152,197250,2,0,L|224:63,1,73.4999977569581
287,223,197550,2,0,L|287:117,1,94.499997116089
355,297,197850,2,0,L|354:176,1,115.50000352478
167,117,198150,6,0,L|249:159,1,73.4999977569581
286,266,198450,2,0,L|206:223,1,73.4999977569581
186,70,198750,6,0,L|248:137,1,73.4999977569581
268,306,199050,2,0,L|207:238,1,73.4999977569581
232,32,199350,6,0,L|267:116,1,73.4999977569581
232,317,199650,2,0,L|198:232,1,73.4999977569581
281,24,199950,6,0,L|285:116,1,73.4999977569581
181,324,200250,2,0,L|178:233,1,73.4999977569581
148,65,201450,6,0,P|128:125|116:87,1,157.500006008148
274,66,201750,2,0,B|291:40|291:40|328:146,1,115.50000352478
316,225,202050,1,0,0:0:0:0:
176,236,202200,1,0,0:0:0:0:
251,123,202350,1,0,0:0:0:0:
331,231,202500,1,0,0:0:0:0:
173,230,202650,1,0,0:0:0:0:
262,108,202800,1,0,0:0:0:0:
139,67,202950,6,0,B|129:42|129:42|70:135,1,115.50000352478
63,186,203250,1,0,0:0:0:0:
63,186,203400,1,0,0:0:0:0:
98,267,203550,2,0,B|109:320|109:320|165:288,2,115.50000352478
263,81,204150,6,0,B|334:84|334:84|290:103,1,115.50000352478
245,156,204450,1,0,0:0:0:0:
363,217,204600,1,0,0:0:0:0:
295,317,204750,1,0,0:0:0:0:
193,260,204900,1,0,0:0:0:0:
264,146,205050,1,0,0:0:0:0:
391,202,205200,1,0,0:0:0:0:
238,224,205350,6,0,B|156:264|183:343|288:346|242:260,1,157.500006008148
229,161,205650,2,0,B|184:81|117:126|127:210|193:166,1,136.499993751526
291,174,205950,2,0,B|368:125|319:60|256:96|283:138,1,115.50000352478
301,239,206250,2,0,B|353:316|394:236|356:231,1,94.499997116089
146,168,206550,6,0,B|132:108|132:108|208:71,1,115.50000352478
242,48,206850,1,0,0:0:0:0:
341,162,207000,1,0,0:0:0:0:
288,33,207150,1,0,0:0:0:0:
275,181,207300,1,0,0:0:0:0:
332,46,207450,1,0,0:0:0:0:
214,158,207600,1,0,0:0:0:0:
365,98,207750,6,0,L|415:210,1,115.50000352478
374,273,208050,1,0,0:0:0:0:
304,138,208200,1,0,0:0:0:0:
265,289,208350,1,0,0:0:0:0:
315,136,208500,1,0,0:0:0:0:
404,228,208650,1,0,0:0:0:0:
242,266,208800,1,0,0:0:0:0:
164,295,208950,6,0,B|90:253|90:253|125:239,1,115.50000352478
64,164,209250,1,0,0:0:0:0:
96,85,209400,1,0,0:0:0:0:
149,207,209550,1,0,0:0:0:0:
17,169,209700,1,0,0:0:0:0:
117,57,209850,1,0,0:0:0:0:
80,239,210000,1,0,0:0:0:0:
92,128,210150,5,0,0:0:0:0:
92,128,210450,1,0,0:0:0:0:
92,128,210750,1,0,0:0:0:0:
295,77,211050,6,0,B|358:42|358:42|301:106,1,115.50000352478
283,146,211350,1,0,0:0:0:0:
228,252,211500,1,0,0:0:0:0:
284,124,211650,1,0,0:0:0:0:
332,252,211800,1,0,0:0:0:0:
283,107,211950,1,0,0:0:0:0:
213,249,212100,1,0,0:0:0:0:
285,94,212250,1,0,0:0:0:0:
340,252,212400,1,0,0:0:0:0:
238,311,212550,6,0,B|163:270|163:270|186:220,1,115.50000352478
259,219,212850,1,0,0:0:0:0:
259,90,213000,1,0,0:0:0:0:
389,88,213150,1,0,0:0:0:0:
390,224,213300,1,0,0:0:0:0:
253,227,213450,1,0,0:0:0:0:
250,82,213600,1,0,0:0:0:0:
373,46,213750,6,0,B|434:72|434:72|455:141,1,115.50000352478
408,218,214050,1,0,0:0:0:0:
321,92,214200,1,0,0:0:0:0:
353,245,214350,1,0,0:0:0:0:
311,95,214500,1,0,0:0:0:0:
286,247,214650,1,0,0:0:0:0:
318,83,214800,1,0,0:0:0:0:
242,95,214950,6,0,B|168:80|168:80|118:158,1,136.499993751526
180,125,215250,2,0,B|123:152|123:152|119:241,1,115.50000352478
164,182,215550,2,0,B|138:229|138:229|168:277,1,94.499997116089
178,242,215850,2,0,B|180:285|180:285|235:308,1,73.4999977569581
310,282,216150,5,0,0:0:0:0:
358,155,216300,1,0,0:0:0:0:
306,295,216450,1,0,0:0:0:0:
364,140,216600,1,0,0:0:0:0:
301,308,216750,1,0,0:0:0:0:
370,125,216900,1,0,0:0:0:0:
269,243,217050,2,0,P|268:189|280:199,1,115.50000352478
244,87,217350,5,0,0:0:0:0:
159,173,217500,1,0,0:0:0:0:
254,79,217650,1,0,0:0:0:0:
149,185,217800,1,0,0:0:0:0:
271,64,217950,1,0,0:0:0:0:
137,195,218100,1,0,0:0:0:0:
281,55,218250,1,0,0:0:0:0:
129,199,218400,1,0,0:0:0:0:
258,98,218550,5,0,0:0:0:0:
258,98,218700,1,0,0:0:0:0:
258,98,218850,1,0,0:0:0:0:
258,98,219000,1,0,0:0:0:0:
203,163,219150,2,0,P|257:195|317:153,3,115.50000352478
303,52,220950,6,0,P|394:88|420:199,1,210
363,268,221400,1,0,0:0:0:0:
270,283,221550,2,0,P|182:186|227:100,1,210
304,62,222000,2,0,P|362:42|404:58,2,105
184,74,222450,1,0,0:0:0:0:
89,75,222600,1,0,0:0:0:0:
183,75,222750,6,0,P|248:135|212:264,1,210
162,182,223200,1,0,0:0:0:0:
65,129,223350,2,0,P|96:75|138:65,1,105
117,248,223650,2,0,P|114:188|163:162,1,105
210,319,223950,2,0,P|192:264|236:229,1,105
310,296,224250,1,0,0:0:0:0:
310,296,224400,1,0,0:0:0:0:
409,314,224550,6,0,P|458:225|368:166,1,210
336,241,225000,1,0,0:0:0:0:
336,241,225150,1,0,0:0:0:0:
239,196,225450,5,0,0:0:0:0:
211,59,225750,6,0,P|134:60|109:103,1,105
102,157,226050,1,0,0:0:0:0:
193,161,226200,1,0,0:0:0:0:
102,158,226350,2,0,P|74:217|95:269,1,105
148,315,226650,1,0,0:0:0:0:
180,233,226800,1,0,0:0:0:0:
153,318,226950,6,0,P|232:350|291:253,1,210
197,232,227400,1,0,0:0:0:0:
99,192,227550,2,0,P|50:149|48:111,1,105
133,51,227850,2,0,P|146:113|194:132,1,105
252,57,228150,1,0,0:0:0:0:
252,57,228300,1,0,0:0:0:0:
353,38,228450,2,0,P|348:103|299:132,1,105
427,193,228750,2,0,P|403:305|307:318,1,210
224,296,229350,5,0,0:0:0:0:
105,93,229650,1,0,0:0:0:0:
374,92,229950,1,0,0:0:0:0:
278,300,230250,1,0,0:0:0:0:
184,50,230550,6,0,P|115:82|102:130,1,105
138,216,230850,1,0,0:0:0:0:
239,121,231000,1,0,0:0:0:0:
329,40,231150,2,0,P|390:98|398:146,1,105
332,249,231450,1,0,0:0:0:0:
265,118,231600,1,0,0:0:0:0:
115,50,231750,6,0,P|102:102|111:165,1,105
171,120,232050,2,0,P|158:172|167:235,1,105
224,184,232350,2,0,P|211:236|220:299,1,105
286,246,232650,2,0,P|273:298|282:361,1,105
384,118,232950,6,0,P|408:228|349:220,1,210
301,161,233400,1,0,0:0:0:0:
266,79,233550,2,0,P|179:94|225:196,1,210
207,47,234150,6,0,L|118:123,1,105
260,63,234450,2,0,L|259:194,1,105
310,47,234750,2,0,L|417:124,1,105
337,165,235050,1,0,0:0:0:0:
337,165,235200,1,0,0:0:0:0:
160,125,235350,6,0,P|118:178|144:198,1,84
206,192,235650,1,0,0:0:0:0:
206,192,235800,1,0,0:0:0:0:
192,275,235950,2,0,P|279:253|288:172,1,168
251,91,236550,2,0,P|194:56|170:73,1,84
104,148,236850,2,0,P|117:203|161:200,1,84
261,222,237150,1,0,0:0:0:0:
87,52,237450,1,0,0:0:0:0:
174,31,237750,6,0,P|123:60|126:111,1,84
114,168,238050,2,0,L|70:178,2,42
310,293,238350,2,0,P|360:286|371:258,1,84
411,172,238650,2,0,L|463:175,2,42
262,37,238950,5,0,0:0:0:0:
104,203,239250,1,0,0:0:0:0:
400,180,239550,1,0,0:0:0:0:
240,311,239850,1,0,0:0:0:0:
211,129,240150,5,0,0:0:0:0:
155,226,240300,1,0,0:0:0:0:
296,178,240450,1,0,0:0:0:0:
133,156,240600,1,0,0:0:0:0:
305,89,240750,1,0,0:0:0:0:
267,279,240900,1,0,0:0:0:0:
131,193,241050,1,0,0:0:0:0:
262,68,241200,1,0,0:0:0:0:
253,248,241350,5,0,0:0:0:0:
97,152,241500,1,0,0:0:0:0:
293,88,241650,1,0,0:0:0:0:
173,182,241800,1,0,0:0:0:0:
224,58,241950,1,0,0:0:0:0:
273,164,242100,1,0,0:0:0:0:
139,129,242250,1,0,0:0:0:0:
209,117,242400,1,0,0:0:0:0:
293,66,242550,5,0,0:0:0:0:
324,166,242700,1,0,0:0:0:0:
213,141,242850,1,0,0:0:0:0:
295,49,243000,1,0,0:0:0:0:
337,184,243150,1,0,0:0:0:0:
191,157,243300,1,0,0:0:0:0:
304,29,243450,1,0,0:0:0:0:
355,167,243600,1,0,0:0:0:0:
164,55,243750,5,0,0:0:0:0:
233,173,243900,1,0,0:0:0:0:
121,130,244050,1,0,0:0:0:0:
218,46,244200,1,0,0:0:0:0:
332,37,244350,6,0,L|359:135,1,94.499997116089
271,126,244650,2,0,L|241:228,1,94.499997116089
348,209,244950,5,0,0:0:0:0:
363,286,245100,1,0,0:0:0:0:
285,254,245250,1,0,0:0:0:0:
426,234,245400,1,0,0:0:0:0:
278,180,245550,1,0,0:0:0:0:
294,329,245700,1,0,0:0:0:0:
412,164,245850,1,0,0:0:0:0:
244,263,246000,1,0,0:0:0:0:
427,160,246150,5,0,0:0:0:0:
361,343,246300,1,0,0:0:0:0:
272,199,246450,1,0,0:0:0:0:
436,201,246600,1,0,0:0:0:0:
311,290,246750,1,0,0:0:0:0:
355,181,246900,1,0,0:0:0:0:
393,314,247050,1,0,0:0:0:0:
383,245,247200,1,0,0:0:0:0:
269,190,247350,5,0,0:0:0:0:
306,315,247500,1,0,0:0:0:0:
176,280,247650,1,0,0:0:0:0:
286,197,247800,1,0,0:0:0:0:
290,327,247950,1,0,0:0:0:0:
173,260,248100,1,0,0:0:0:0:
285,203,248250,1,0,0:0:0:0:
261,331,248400,1,0,0:0:0:0:
161,241,248550,5,0,0:0:0:0:
202,34,248850,1,0,0:0:0:0:
375,65,249150,1,0,0:0:0:0:
150,132,249450,1,0,0:0:0:0:
100,141,249750,5,0,0:0:0:0:
29,277,249900,1,0,0:0:0:0:
101,124,250050,1,0,0:0:0:0:
150,265,250200,1,0,0:0:0:0:
102,108,250350,1,0,0:0:0:0:
32,246,250500,1,0,0:0:0:0:
102,86,250650,1,0,0:0:0:0:
149,232,250800,1,0,0:0:0:0:
107,69,250950,5,0,0:0:0:0:
45,238,251100,1,0,0:0:0:0:
106,84,251250,1,0,0:0:0:0:
146,250,251400,1,0,0:0:0:0:
105,105,251550,1,0,0:0:0:0:
41,267,251700,1,0,0:0:0:0:
106,123,251850,1,0,0:0:0:0:
148,288,252000,1,0,0:0:0:0:
175,191,252150,5,0,0:0:0:0:
256,102,252300,1,0,0:0:0:0:
348,191,252450,1,0,0:0:0:0:
260,284,252600,1,0,0:0:0:0:
183,150,252750,1,0,0:0:0:0:
301,114,252900,1,0,0:0:0:0:
336,237,253050,1,0,0:0:0:0:
213,273,253200,1,0,0:0:0:0:
212,95,253350,6,0,B|267:88|285:133|285:133|267:86,3,94.499997116089
156,164,253950,6,0,L|235:259,1,94.499997116089
67,146,254250,2,0,L|136:54,1,94.499997116089
246,43,254550,5,0,0:0:0:0:
315,132,254700,1,0,0:0:0:0:
247,42,254850,1,0,0:0:0:0:
277,174,255000,1,0,0:0:0:0:
246,42,255150,1,0,0:0:0:0:
249,196,255300,1,0,0:0:0:0:
246,43,255450,1,0,0:0:0:0:
182,196,255600,1,0,0:0:0:0:
101,90,255750,5,0,0:0:0:0:
196,249,255900,1,0,0:0:0:0:
101,85,256050,1,0,0:0:0:0:
211,193,256200,1,0,0:0:0:0:
105,85,256350,1,0,0:0:0:0:
224,138,256500,1,0,0:0:0:0:
103,83,256650,1,0,0:0:0:0:
210,75,256800,1,0,0:0:0:0:
291,104,256950,5,0,0:0:0:0:
304,264,257100,1,0,0:0:0:0:
207,124,257250,1,0,0:0:0:0:
196,265,257400,1,0,0:0:0:0:
288,151,257550,1,0,0:0:0:0:
284,256,257700,1,0,0:0:0:0:
212,145,257850,1,0,0:0:0:0:
193,236,258000,1,0,0:0:0:0:
98,91,258150,5,0,0:0:0:0:
350,153,258450,1,0,0:0:0:0:
119,243,258750,1,0,0:0:0:0:
359,306,259050,1,0,0:0:0:0:
420,132,259350,6,0,L|420:25,1,94.499997116089
345,210,259650,2,0,L|345:103,1,94.499997116089
267,296,259950,2,0,L|267:189,1,94.499997116089
190,355,260250,2,0,L|190:248,1,94.499997116089
59,255,260550,6,0,P|23:206|45:169,1,94.499997116089
131,103,260850,1,0,0:0:0:0:
201,246,261000,1,0,0:0:0:0:
92,197,261150,1,0,0:0:0:0:
192,132,261300,1,0,0:0:0:0:
178,264,261450,2,0,P|122:273|95:246,1,94.499997116089
142,38,261750,6,0,L|227:89,1,84
110,111,262050,2,0,L|30:141,1,84
177,169,262350,1,0,0:0:0:0:
177,169,262500,1,0,0:0:0:0:
70,227,262650,1,0,0:0:0:0:
70,227,262800,1,0,0:0:0:0:
164,275,262950,6,0,B|187:317|187:317|249:320,1,84
191,149,263250,2,0,B|231:128|231:128|269:145,1,84
234,234,263550,2,0,L|263:235,4,21
130,202,263850,2,0,P|111:153|132:102,1,84
253,52,264150,5,0,0:0:0:0:
318,105,264300,1,0,0:0:0:0:
222,148,264450,1,0,0:0:0:0:
237,52,264600,1,0,0:0:0:0:
314,110,264750,2,0,L|411:124,2,84
238,70,265200,1,0,0:0:0:0:
90,72,265350,6,0,L|68:157,1,84
125,127,265650,2,0,L|120:212,1,84
163,181,265950,2,0,L|183:270,1,84
214,206,266250,2,0,L|257:287,1,84
319,182,266550,5,0,0:0:0:0:
405,265,266700,1,0,0:0:0:0:
306,322,266850,2,0,P|253:309|238:280,1,84
292,169,267150,1,0,0:0:0:0:
400,269,267300,1,0,0:0:0:0:
275,328,267450,2,0,P|223:309|210:274,1,84
137,216,267750,5,0,0:0:0:0:
220,43,268050,1,0,0:0:0:0:
250,277,268350,1,0,0:0:0:0:
132,125,268650,1,0,0:0:0:0:
338,79,268950,6,0,L|371:152,1,62.9999980773926
362,210,269250,1,0,0:0:0:0:
362,210,269400,1,0,0:0:0:0:
210,202,269550,2,0,L|168:135,1,62.9999980773926
221,78,269850,1,0,0:0:0:0:
221,78,270000,1,0,0:0:0:0:
313,248,270150,6,0,P|323:298|348:323,1,62.9999980773926
270,166,270450,2,0,P|270:116|247:85,1,62.9999980773926
220,247,270750,2,0,P|209:294|219:319,1,62.9999980773926
171,174,271050,2,0,P|178:124|169:94,1,62.9999980773926
80,53,271350,6,0,L|49:126,1,62.9999980773926
32,196,271650,2,0,L|64:277,1,62.9999980773926
162,232,271950,1,0,0:0:0:0:
205,162,272100,1,0,0:0:0:0:
126,124,272250,2,0,L|77:198,1,62.9999980773926
190,319,272550,6,0,L|189:242,1,62.9999980773926
253,279,272850,2,0,L|253:210,1,62.9999980773926
360,173,273150,2,0,L|391:181,3,20.9999993591309
285,84,273450,2,0,L|215:113,1,62.9999980773926
421,31,273750,6,0,L|422:117,1,62.9999980773926
348,124,274050,2,0,L|348:206,1,62.9999980773926
270,204,274350,2,0,L|271:273,1,62.9999980773926
200,296,274650,2,0,L|199:371,1,62.9999980773926
251,285,274950,6,0,L|251:213,1,62.9999980773926
185,244,275250,2,0,L|185:172,1,62.9999980773926
121,188,275550,2,0,L|121:116,1,62.9999980773926
57,142,275850,2,0,L|57:70,1,62.9999980773926
176,72,276150,6,0,L|134:122,1,52.5
299,305,276450,2,0,L|348:256,1,52.5
201,108,276750,2,0,L|176:162,1,52.5
276,263,277050,2,0,L|304:215,1,52.5
269,82,277350,6,0,L|297:56,2,26.25
174,199,277650,2,0,L|136:184,2,26.25
284,162,277950,2,0,B|358:165|358:165|278:203,1,115.50000352478
198,238,278250,2,0,B|124:256|124:256|178:278,1,115.50000352478
256,192,278550,5,0,0:0:0:0:
256,192,278700,12,0,279750,0:0:0:0:
